1,1,1,1,174,200,225,1/
2,1,1,2,174,200,227,2/
3,1,1,3,174,200,227,2/
4,1,1,4,174,200,227,2/
5,1,1,5,173,199,226,3/
6,1,1,6,175,201,228,4/
7,1,1,7,174,200,227,2/
8,1,1,8,173,200,227,5/
9,1,1,9,174,200,227,2/
10,1,1,10,174,200,227,2/
11,1,1,11,175,199,227,6/
12,1,1,12,174,201,228,7/
13,1,1,13,174,200,223,8/
14,1,1,14,173,200,227,5/
15,1,1,15,175,200,230,9/
16,1,1,16,174,200,227,2/
17,1,1,17,174,200,227,2/
18,1,1,18,174,200,227,2/
19,1,1,19,174,200,227,2/
20,1,1,20,174,200,227,2/
21,1,1,21,174,200,227,2/
22,1,1,22,174,200,227,2/
23,1,1,23,174,200,227,2/
24,1,1,24,174,200,227,2/
25,1,1,25,174,200,227,2/
26,1,1,26,174,200,227,2/
27,1,1,27,174,200,227,2/
28,1,1,28,174,200,227,2/
29,1,1,29,174,200,227,2/
30,1,1,30,174,200,227,2/
31,1,1,31,174,200,227,2/
32,1,1,32,174,200,227,2/
33,1,1,33,174,200,227,2/
34,1,1,34,173,200,227,5/
35,1,1,35,174,200,227,2/
36,1,1,36,174,200,227,2/
37,1,1,37,174,200,227,2/
38,1,1,38,174,200,227,2/
39,1,1,39,174,200,227,2/
40,1,1,40,207,217,226,10/
41,1,1,41,206,176,116,11/
42,1,1,42,206,176,116,11/
43,1,1,43,205,176,116,12/
44,1,1,44,205,176,116,12/
45,1,1,45,49,68,83,13/
46,1,1,46,54,67,84,14/
47,1,1,47,52,70,80,15/
48,1,1,48,51,68,86,16/
49,1,2,1,174,199,229,17/
50,1,2,2,175,201,228,4/
51,1,2,3,173,199,226,3/
52,1,2,4,174,200,227,2/
53,1,2,5,175,201,226,18/
54,1,2,6,174,200,225,1/
55,1,2,7,174,200,227,2/
56,1,2,8,174,200,227,2/
57,1,2,9,173,200,227,5/
58,1,2,10,175,201,226,18/
59,1,2,11,174,199,229,17/
60,1,2,12,174,199,229,17/
61,1,2,13,173,200,227,5/
62,1,2,14,175,201,226,18/
63,1,2,15,174,199,229,17/
64,1,2,16,174,200,225,1/
65,1,2,17,174,200,227,2/
66,1,2,18,174,200,227,2/
67,1,2,19,174,200,227,2/
68,1,2,20,174,200,227,2/
69,1,2,21,174,200,227,2/
70,1,2,22,174,200,227,2/
71,1,2,23,174,200,227,2/
72,1,2,24,174,200,227,2/
73,1,2,25,174,200,227,2/
74,1,2,26,174,200,227,2/
75,1,2,27,174,200,227,2/
76,1,2,28,174,200,227,2/
77,1,2,29,174,200,227,2/
78,1,2,30,174,200,227,2/
79,1,2,31,174,200,227,2/
80,1,2,32,174,200,227,2/
81,1,2,33,174,200,227,2/
82,1,2,34,173,200,227,5/
83,1,2,35,174,200,227,2/
84,1,2,36,174,200,227,2/
85,1,2,37,174,200,227,2/
86,1,2,38,174,200,227,2/
87,1,2,39,174,200,227,2/
88,1,2,40,207,217,226,10/
89,1,2,41,205,176,116,12/
90,1,2,42,201,177,115,19/
91,1,2,43,205,177,114,20/
92,1,2,44,206,175,118,21/
93,1,2,45,54,67,83,22/
94,1,2,46,201,177,113,23/
95,1,2,47,54,67,83,22/
96,1,2,48,52,68,84,24/
97,1,3,1,174,200,223,8/
98,1,3,2,174,200,225,1/
99,1,3,3,174,201,228,7/
100,1,3,4,173,200,229,25/
101,1,3,5,174,199,229,17/
102,1,3,6,174,200,227,2/
103,1,3,7,175,201,228,4/
104,1,3,8,174,200,227,2/
105,1,3,9,175,201,228,4/
106,1,3,10,174,200,227,2/
107,1,3,11,173,200,227,5/
108,1,3,12,175,200,230,9/
109,1,3,13,174,200,227,2/
110,1,3,14,174,200,225,1/
111,1,3,15,174,200,227,2/
112,1,3,16,174,201,228,7/
113,1,3,17,174,200,227,2/
114,1,3,18,174,200,227,2/
115,1,3,19,174,200,227,2/
116,1,3,20,174,200,227,2/
117,1,3,21,174,200,227,2/
118,1,3,22,174,200,227,2/
119,1,3,23,174,200,227,2/
120,1,3,24,174,200,227,2/
121,1,3,25,174,200,227,2/
122,1,3,26,174,200,227,2/
123,1,3,27,174,200,227,2/
124,1,3,28,174,200,227,2/
125,1,3,29,174,200,227,2/
126,1,3,30,174,200,227,2/
127,1,3,31,174,200,227,2/
128,1,3,32,174,200,227,2/
129,1,3,33,174,200,227,2/
130,1,3,34,173,200,227,5/
131,1,3,35,174,200,227,2/
132,1,3,36,174,200,227,2/
133,1,3,37,174,200,227,2/
134,1,3,38,174,200,227,2/
135,1,3,39,174,200,227,2/
136,1,3,40,207,217,226,10/
137,1,3,41,205,176,118,26/
138,1,3,42,207,176,119,27/
139,1,3,43,206,176,114,28/
140,1,3,44,51,67,83,29/
141,1,3,45,52,68,84,24/
142,1,3,46,52,68,83,30/
143,1,3,47,51,69,89,31/
144,1,3,48,52,68,83,30/
145,1,4,1,175,199,227,6/
146,1,4,2,174,200,227,2/
147,1,4,3,174,200,227,2/
148,1,4,4,173,200,227,5/
149,1,4,5,176,202,227,32/
150,1,4,6,174,200,225,1/
151,1,4,7,175,201,226,18/
152,1,4,8,174,200,227,2/
153,1,4,9,175,199,227,6/
154,1,4,10,175,201,226,18/
155,1,4,11,174,201,228,7/
156,1,4,12,174,200,227,2/
157,1,4,13,174,200,227,2/
158,1,4,14,176,200,224,33/
159,1,4,15,174,200,227,2/
160,1,4,16,174,199,229,17/
161,1,4,17,174,200,227,2/
162,1,4,18,174,200,227,2/
163,1,4,19,174,200,227,2/
164,1,4,20,174,200,227,2/
165,1,4,21,174,200,227,2/
166,1,4,22,174,200,227,2/
167,1,4,23,174,200,227,2/
168,1,4,24,174,200,227,2/
169,1,4,25,174,200,227,2/
170,1,4,26,174,200,227,2/
171,1,4,27,174,200,227,2/
172,1,4,28,174,200,227,2/
173,1,4,29,174,200,227,2/
174,1,4,30,174,200,227,2/
175,1,4,31,174,200,227,2/
176,1,4,32,174,200,227,2/
177,1,4,33,174,200,227,2/
178,1,4,34,173,200,227,5/
179,1,4,35,174,200,227,2/
180,1,4,36,174,200,227,2/
181,1,4,37,174,200,227,2/
182,1,4,38,174,200,227,2/
183,1,4,39,174,200,227,2/
184,1,4,40,207,217,226,10/
185,1,4,41,203,178,114,34/
186,1,4,42,207,175,114,35/
187,1,4,43,53,69,82,36/
188,1,4,44,52,68,84,24/
189,1,4,45,51,68,84,37/
190,1,4,46,51,68,86,16/
191,1,4,47,205,177,114,20/
192,1,4,48,52,68,81,38/
193,1,5,1,199,224,244,39/
194,1,5,2,175,199,223,40/
195,1,5,3,174,200,225,1/
196,1,5,4,174,199,229,17/
197,1,5,5,173,198,228,41/
198,1,5,6,175,200,230,9/
199,1,5,7,173,199,226,3/
200,1,5,8,175,201,228,4/
201,1,5,9,176,200,228,42/
202,1,5,10,173,200,229,25/
203,1,5,11,174,200,225,1/
204,1,5,12,173,200,229,25/
205,1,5,13,176,200,226,43/
206,1,5,14,173,199,226,3/
207,1,5,15,175,201,226,18/
208,1,5,16,174,199,229,17/
209,1,5,17,174,200,227,2/
210,1,5,18,174,200,227,2/
211,1,5,19,174,200,227,2/
212,1,5,20,174,200,227,2/
213,1,5,21,174,200,227,2/
214,1,5,22,174,200,227,2/
215,1,5,23,174,200,227,2/
216,1,5,24,174,200,227,2/
217,1,5,25,174,200,227,2/
218,1,5,26,174,200,227,2/
219,1,5,27,174,200,227,2/
220,1,5,28,174,200,227,2/
221,1,5,29,174,200,227,2/
222,1,5,30,174,200,227,2/
223,1,5,31,174,200,227,2/
224,1,5,32,174,200,227,2/
225,1,5,33,174,200,227,2/
226,1,5,34,173,200,227,5/
227,1,5,35,174,200,227,2/
228,1,5,36,174,200,227,2/
229,1,5,37,174,200,227,2/
230,1,5,38,174,200,227,2/
231,1,5,39,174,200,227,2/
232,1,5,40,207,217,226,10/
233,1,5,41,204,175,117,44/
234,1,5,42,208,178,118,45/
235,1,5,43,204,175,115,46/
236,1,5,44,205,176,116,12/
237,1,5,45,54,67,84,14/
238,1,5,46,200,179,116,47/
239,1,5,47,52,67,86,48/
240,1,5,48,52,68,84,24/
241,1,6,1,176,200,226,43/
242,1,6,2,173,199,224,49/
243,1,6,3,174,200,225,1/
244,1,6,4,174,200,225,1/
245,1,6,5,175,201,226,18/
246,1,6,6,175,201,226,18/
247,1,6,7,174,200,227,2/
248,1,6,8,173,200,227,5/
249,1,6,9,174,200,225,1/
250,1,6,10,174,201,228,7/
251,1,6,11,174,200,225,1/
252,1,6,12,175,201,226,18/
253,1,6,13,173,199,226,3/
254,1,6,14,175,200,230,9/
255,1,6,15,173,200,227,5/
256,1,6,16,175,201,228,4/
257,1,6,17,174,200,227,2/
258,1,6,18,174,200,227,2/
259,1,6,19,174,200,227,2/
260,1,6,20,174,200,227,2/
261,1,6,21,174,200,227,2/
262,1,6,22,174,200,227,2/
263,1,6,23,174,200,227,2/
264,1,6,24,174,200,227,2/
265,1,6,25,174,200,227,2/
266,1,6,26,174,200,227,2/
267,1,6,27,174,200,227,2/
268,1,6,28,174,200,227,2/
269,1,6,29,174,200,227,2/
270,1,6,30,174,200,227,2/
271,1,6,31,174,200,227,2/
272,1,6,32,174,200,227,2/
273,1,6,33,174,200,227,2/
274,1,6,34,173,200,227,5/
275,1,6,35,174,200,227,2/
276,1,6,36,174,200,227,2/
277,1,6,37,174,200,227,2/
278,1,6,38,174,200,227,2/
279,1,6,39,174,200,227,2/
280,1,6,40,207,217,226,10/
281,1,6,41,205,177,114,20/
282,1,6,42,205,176,116,12/
283,1,6,43,205,176,118,26/
284,1,6,44,51,66,85,50/
285,1,6,45,55,68,85,51/
286,1,6,46,54,67,84,14/
287,1,6,47,53,68,87,52/
288,1,6,48,51,68,86,16/
289,1,7,1,174,200,225,1/
290,1,7,2,175,201,226,18/
291,1,7,3,174,200,227,2/
292,1,7,4,174,200,227,2/
293,1,7,5,174,200,227,2/
294,1,7,6,174,200,227,2/
295,1,7,7,175,201,228,4/
296,1,7,8,174,200,227,2/
297,1,7,9,173,200,227,5/
298,1,7,10,176,200,226,43/
299,1,7,11,173,199,224,49/
300,1,7,12,204,221,237,53/
301,1,7,13,176,200,228,42/
302,1,7,14,175,199,227,6/
303,1,7,15,171,200,230,54/
304,1,7,16,175,201,226,18/
305,1,7,17,174,200,227,2/
306,1,7,18,174,200,227,2/
307,1,7,19,174,200,227,2/
308,1,7,20,174,200,227,2/
309,1,7,21,174,200,227,2/
310,1,7,22,174,200,227,2/
311,1,7,23,174,200,227,2/
312,1,7,24,174,200,227,2/
313,1,7,25,174,200,227,2/
314,1,7,26,174,200,227,2/
315,1,7,27,174,200,227,2/
316,1,7,28,174,200,227,2/
317,1,7,29,174,200,227,2/
318,1,7,30,174,200,227,2/
319,1,7,31,174,200,227,2/
320,1,7,32,174,200,227,2/
321,1,7,33,174,200,227,2/
322,1,7,34,173,200,227,5/
323,1,7,35,174,200,227,2/
324,1,7,36,174,200,227,2/
325,1,7,37,174,200,227,2/
326,1,7,38,174,200,227,2/
327,1,7,39,174,200,227,2/
328,1,7,40,207,217,226,10/
329,1,7,41,206,175,118,21/
330,1,7,42,205,176,116,12/
331,1,7,43,205,177,114,20/
332,1,7,44,206,176,116,11/
333,1,7,45,204,175,115,46/
334,1,7,46,203,178,114,34/
335,1,7,47,54,67,83,22/
336,1,7,48,51,68,86,16/
337,1,8,1,175,200,230,9/
338,1,8,2,173,200,229,25/
339,1,8,3,173,200,229,25/
340,1,8,4,174,201,228,7/
341,1,8,5,174,200,225,1/
342,1,8,6,174,200,225,1/
343,1,8,7,174,200,225,1/
344,1,8,8,175,201,228,4/
345,1,8,9,174,201,228,7/
346,1,8,10,174,200,227,2/
347,1,8,11,205,222,238,55/
348,1,8,12,205,223,237,56/
349,1,8,13,206,222,238,57/
350,1,8,14,174,199,229,17/
351,1,8,15,174,200,227,2/
352,1,8,16,175,201,228,4/
353,1,8,17,174,200,227,2/
354,1,8,18,174,200,227,2/
355,1,8,19,174,200,227,2/
356,1,8,20,174,200,227,2/
357,1,8,21,174,200,227,2/
358,1,8,22,174,200,227,2/
359,1,8,23,174,200,227,2/
360,1,8,24,174,200,227,2/
361,1,8,25,174,200,227,2/
362,1,8,26,174,200,227,2/
363,1,8,27,174,200,227,2/
364,1,8,28,174,200,227,2/
365,1,8,29,174,200,227,2/
366,1,8,30,174,200,227,2/
367,1,8,31,174,200,227,2/
368,1,8,32,174,200,227,2/
369,1,8,33,174,200,227,2/
370,1,8,34,173,200,227,5/
371,1,8,35,174,200,227,2/
372,1,8,36,174,200,227,2/
373,1,8,37,174,200,227,2/
374,1,8,38,174,200,227,2/
375,1,8,39,174,200,227,2/
376,1,8,40,207,217,226,10/
377,1,8,41,205,176,116,12/
378,1,8,42,206,175,118,21/
379,1,8,43,205,176,116,12/
380,1,8,44,205,176,118,26/
381,1,8,45,52,68,84,24/
382,1,8,46,54,67,84,14/
383,1,8,47,51,68,84,37/
384,1,8,48,205,176,116,12/
385,1,9,1,174,200,227,2/
386,1,9,2,174,200,227,2/
387,1,9,3,174,200,227,2/
388,1,9,4,174,200,227,2/
389,1,9,5,174,200,227,2/
390,1,9,6,174,200,227,2/
391,1,9,7,174,200,227,2/
392,1,9,8,174,200,227,2/
393,1,9,9,173,200,227,5/
394,1,9,10,174,200,225,1/
395,1,9,11,175,199,227,6/
396,1,9,12,199,224,246,58/
397,1,9,13,175,199,225,59/
398,1,9,14,174,200,223,8/
399,1,9,15,174,200,227,2/
400,1,9,16,174,200,225,1/
401,1,9,17,174,200,227,2/
402,1,9,18,174,200,227,2/
403,1,9,19,174,200,227,2/
404,1,9,20,174,200,227,2/
405,1,9,21,174,200,227,2/
406,1,9,22,174,200,227,2/
407,1,9,23,174,200,227,2/
408,1,9,24,174,200,227,2/
409,1,9,25,174,200,227,2/
410,1,9,26,174,200,227,2/
411,1,9,27,174,200,227,2/
412,1,9,28,174,200,227,2/
413,1,9,29,174,200,227,2/
414,1,9,30,174,200,227,2/
415,1,9,31,174,200,227,2/
416,1,9,32,174,200,227,2/
417,1,9,33,174,200,225,1/
418,1,9,34,176,200,226,43/
419,1,9,35,173,200,227,5/
420,1,9,36,174,200,227,2/
421,1,9,37,174,201,228,7/
422,1,9,38,174,200,225,1/
423,1,9,39,175,201,228,4/
424,1,9,40,207,217,226,10/
425,1,9,41,206,176,116,11/
426,1,9,42,204,175,115,46/
427,1,9,43,205,176,116,12/
428,1,9,44,206,176,114,28/
429,1,9,45,52,68,83,30/
430,1,9,46,49,68,83,13/
431,1,9,47,51,66,85,50/
432,1,9,48,54,67,84,14/
433,1,10,1,174,200,227,2/
434,1,10,2,174,200,227,2/
435,1,10,3,174,200,227,2/
436,1,10,4,174,200,227,2/
437,1,10,5,174,200,227,2/
438,1,10,6,174,200,227,2/
439,1,10,7,174,200,227,2/
440,1,10,8,174,200,227,2/
441,1,10,9,173,200,227,5/
442,1,10,10,175,201,228,4/
443,1,10,11,174,197,228,60/
444,1,10,12,176,200,224,33/
445,1,10,13,174,200,227,2/
446,1,10,14,174,200,225,1/
447,1,10,15,175,200,230,9/
448,1,10,16,174,200,227,2/
449,1,10,17,174,200,227,2/
450,1,10,18,174,200,227,2/
451,1,10,19,174,200,227,2/
452,1,10,20,174,200,227,2/
453,1,10,21,174,200,227,2/
454,1,10,22,174,200,227,2/
455,1,10,23,174,200,227,2/
456,1,10,24,174,200,227,2/
457,1,10,25,174,200,227,2/
458,1,10,26,174,200,227,2/
459,1,10,27,174,200,227,2/
460,1,10,28,174,200,227,2/
461,1,10,29,174,200,227,2/
462,1,10,30,174,200,227,2/
463,1,10,31,174,200,227,2/
464,1,10,32,174,200,227,2/
465,1,10,33,174,199,229,17/
466,1,10,34,173,200,229,25/
467,1,10,35,174,199,229,17/
468,1,10,36,173,200,227,5/
469,1,10,37,173,198,228,41/
470,1,10,38,175,201,224,61/
471,1,10,39,175,199,227,6/
472,1,10,40,205,218,227,62/
473,1,10,41,204,175,115,46/
474,1,10,42,205,176,116,12/
475,1,10,43,204,175,117,44/
476,1,10,44,204,175,117,44/
477,1,10,45,52,68,84,24/
478,1,10,46,51,68,84,37/
479,1,10,47,52,67,86,48/
480,1,10,48,52,68,83,30/
481,1,11,1,174,200,227,2/
482,1,11,2,174,200,227,2/
483,1,11,3,174,200,227,2/
484,1,11,4,174,200,227,2/
485,1,11,5,174,200,227,2/
486,1,11,6,174,200,227,2/
487,1,11,7,174,200,227,2/
488,1,11,8,174,200,227,2/
489,1,11,9,173,200,227,5/
490,1,11,10,174,200,227,2/
491,1,11,11,175,201,228,4/
492,1,11,12,174,200,225,1/
493,1,11,13,174,200,227,2/
494,1,11,14,174,201,228,7/
495,1,11,15,174,199,229,17/
496,1,11,16,175,201,228,4/
497,1,11,17,174,200,227,2/
498,1,11,18,174,200,227,2/
499,1,11,19,174,200,227,2/
500,1,11,20,174,200,227,2/
501,1,11,21,174,200,227,2/
502,1,11,22,174,200,227,2/
503,1,11,23,174,200,227,2/
504,1,11,24,174,200,227,2/
505,1,11,25,174,200,227,2/
506,1,11,26,174,200,227,2/
507,1,11,27,174,200,227,2/
508,1,11,28,174,200,227,2/
509,1,11,29,174,200,227,2/
510,1,11,30,174,200,227,2/
511,1,11,31,174,200,227,2/
512,1,11,32,174,200,227,2/
513,1,11,33,174,201,228,7/
514,1,11,34,173,200,227,5/
515,1,11,35,174,200,227,2/
516,1,11,36,173,199,226,3/
517,1,11,37,175,201,226,18/
518,1,11,38,174,200,227,2/
519,1,11,39,173,198,228,41/
520,1,11,40,208,218,227,63/
521,1,11,41,206,175,118,21/
522,1,11,42,206,176,116,11/
523,1,11,43,51,67,83,29/
524,1,11,44,51,70,87,64/
525,1,11,45,52,68,84,24/
526,1,11,46,49,68,83,13/
527,1,11,47,51,69,79,65/
528,1,11,48,51,68,84,37/
529,1,12,1,174,200,227,2/
530,1,12,2,174,200,227,2/
531,1,12,3,174,200,227,2/
532,1,12,4,174,200,227,2/
533,1,12,5,174,200,227,2/
534,1,12,6,174,200,227,2/
535,1,12,7,174,200,227,2/
536,1,12,8,174,200,227,2/
537,1,12,9,175,201,226,18/
538,1,12,10,175,201,228,4/
539,1,12,11,174,200,227,2/
540,1,12,12,174,200,227,2/
541,1,12,13,173,201,225,66/
542,1,12,14,173,200,227,5/
543,1,12,15,174,200,227,2/
544,1,12,16,174,200,227,2/
545,1,12,17,174,200,227,2/
546,1,12,18,174,200,227,2/
547,1,12,19,174,200,227,2/
548,1,12,20,174,200,227,2/
549,1,12,21,174,200,227,2/
550,1,12,22,174,200,227,2/
551,1,12,23,174,200,227,2/
552,1,12,24,174,200,227,2/
553,1,12,25,174,200,227,2/
554,1,12,26,174,200,227,2/
555,1,12,27,174,200,227,2/
556,1,12,28,174,200,227,2/
557,1,12,29,174,200,227,2/
558,1,12,30,174,200,227,2/
559,1,12,31,174,200,227,2/
560,1,12,32,174,200,227,2/
561,1,12,33,174,200,227,2/
562,1,12,34,173,201,225,66/
563,1,12,35,175,199,227,6/
564,1,12,36,175,200,230,9/
565,1,12,37,173,201,223,67/
566,1,12,38,174,200,227,2/
567,1,12,39,208,218,228,68/
568,1,12,40,207,215,226,69/
569,1,12,41,202,176,115,70/
570,1,12,42,53,70,86,71/
571,1,12,43,206,175,118,21/
572,1,12,44,206,176,114,28/
573,1,12,45,54,67,86,72/
574,1,12,46,205,176,116,12/
575,1,12,47,51,66,85,50/
576,1,12,48,54,67,84,14/
577,1,13,1,174,200,227,2/
578,1,13,2,174,200,227,2/
579,1,13,3,174,200,227,2/
580,1,13,4,174,200,227,2/
581,1,13,5,174,200,227,2/
582,1,13,6,174,200,227,2/
583,1,13,7,174,200,227,2/
584,1,13,8,174,200,227,2/
585,1,13,9,174,200,225,1/
586,1,13,10,174,200,227,2/
587,1,13,11,174,200,225,1/
588,1,13,12,173,199,226,3/
589,1,13,13,176,202,227,32/
590,1,13,14,174,199,229,17/
591,1,13,15,175,201,226,18/
592,1,13,16,173,199,224,49/
593,1,13,17,174,200,227,2/
594,1,13,18,174,200,227,2/
595,1,13,19,174,200,227,2/
596,1,13,20,174,200,227,2/
597,1,13,21,174,200,227,2/
598,1,13,22,174,200,227,2/
599,1,13,23,174,200,227,2/
600,1,13,24,174,200,227,2/
601,1,13,25,174,200,227,2/
602,1,13,26,174,200,227,2/
603,1,13,27,174,200,227,2/
604,1,13,28,174,200,227,2/
605,1,13,29,174,200,227,2/
606,1,13,30,174,200,227,2/
607,1,13,31,174,200,227,2/
608,1,13,32,174,200,227,2/
609,1,13,33,174,199,229,17/
610,1,13,34,173,200,227,5/
611,1,13,35,175,201,228,4/
612,1,13,36,175,199,227,6/
613,1,13,37,174,199,229,17/
614,1,13,38,174,200,227,2/
615,1,13,39,203,217,230,73/
616,1,13,40,205,176,116,12/
617,1,13,41,206,175,118,21/
618,1,13,42,205,177,114,20/
619,1,13,43,205,176,116,12/
620,1,13,44,202,177,113,74/
621,1,13,45,53,70,86,71/
622,1,13,46,53,66,83,75/
623,1,13,47,52,68,84,24/
624,1,13,48,51,68,84,37/
625,1,14,1,174,200,227,2/
626,1,14,2,174,200,227,2/
627,1,14,3,174,200,227,2/
628,1,14,4,174,200,227,2/
629,1,14,5,174,200,227,2/
630,1,14,6,174,200,227,2/
631,1,14,7,174,200,227,2/
632,1,14,8,174,200,227,2/
633,1,14,9,174,200,225,1/
634,1,14,10,174,199,229,17/
635,1,14,11,174,200,227,2/
636,1,14,12,175,200,230,9/
637,1,14,13,174,200,225,1/
638,1,14,14,174,199,229,17/
639,1,14,15,174,200,227,2/
640,1,14,16,175,201,228,4/
641,1,14,17,174,200,227,2/
642,1,14,18,174,200,227,2/
643,1,14,19,174,200,227,2/
644,1,14,20,174,200,227,2/
645,1,14,21,174,200,227,2/
646,1,14,22,174,200,227,2/
647,1,14,23,174,200,227,2/
648,1,14,24,174,200,227,2/
649,1,14,25,174,200,227,2/
650,1,14,26,174,200,227,2/
651,1,14,27,174,200,227,2/
652,1,14,28,174,200,227,2/
653,1,14,29,174,200,227,2/
654,1,14,30,174,200,227,2/
655,1,14,31,174,200,227,2/
656,1,14,32,174,200,227,2/
657,1,14,33,173,201,225,66/
658,1,14,34,175,201,226,18/
659,1,14,35,170,200,228,76/
660,1,14,36,174,200,227,2/
661,1,14,37,174,201,228,7/
662,1,14,38,205,218,227,62/
663,1,14,39,205,217,231,77/
664,1,14,40,205,175,113,78/
665,1,14,41,206,176,116,11/
666,1,14,42,205,176,118,26/
667,1,14,43,206,175,118,21/
668,1,14,44,203,178,114,34/
669,1,14,45,47,69,83,79/
670,1,14,46,55,68,85,51/
671,1,14,47,51,67,83,29/
672,1,14,48,51,68,84,37/
673,1,15,1,174,200,227,2/
674,1,15,2,174,200,227,2/
675,1,15,3,174,200,227,2/
676,1,15,4,174,200,227,2/
677,1,15,5,174,200,227,2/
678,1,15,6,174,200,227,2/
679,1,15,7,174,200,227,2/
680,1,15,8,174,200,227,2/
681,1,15,9,174,200,227,2/
682,1,15,10,175,201,228,4/
683,1,15,11,175,201,228,4/
684,1,15,12,173,199,226,3/
685,1,15,13,175,201,228,4/
686,1,15,14,175,200,230,9/
687,1,15,15,173,199,226,3/
688,1,15,16,174,200,227,2/
689,1,15,17,174,200,227,2/
690,1,15,18,174,200,227,2/
691,1,15,19,174,200,227,2/
692,1,15,20,174,200,227,2/
693,1,15,21,174,200,227,2/
694,1,15,22,174,200,227,2/
695,1,15,23,174,200,227,2/
696,1,15,24,174,200,227,2/
697,1,15,25,174,200,227,2/
698,1,15,26,174,200,227,2/
699,1,15,27,174,200,227,2/
700,1,15,28,174,200,227,2/
701,1,15,29,174,200,227,2/
702,1,15,30,174,200,227,2/
703,1,15,31,174,200,227,2/
704,1,15,32,174,200,227,2/
705,1,15,33,175,200,230,9/
706,1,15,34,174,200,227,2/
707,1,15,35,173,201,225,66/
708,1,15,36,174,200,225,1/
709,1,15,37,174,199,229,17/
710,1,15,38,207,217,226,10/
711,1,15,39,204,175,117,44/
712,1,15,40,207,175,116,80/
713,1,15,41,205,177,114,20/
714,1,15,42,51,69,89,31/
715,1,15,43,206,175,118,21/
716,1,15,44,205,176,118,26/
717,1,15,45,54,67,84,14/
718,1,15,46,51,67,83,29/
719,1,15,47,51,70,85,81/
720,1,15,48,52,67,86,48/
721,1,16,1,174,200,227,2/
722,1,16,2,174,200,227,2/
723,1,16,3,174,200,227,2/
724,1,16,4,174,200,227,2/
725,1,16,5,174,200,227,2/
726,1,16,6,174,200,227,2/
727,1,16,7,174,200,227,2/
728,1,16,8,174,200,227,2/
729,1,16,9,175,201,226,18/
730,1,16,10,174,200,227,2/
731,1,16,11,173,200,227,5/
732,1,16,12,175,201,228,4/
733,1,16,13,174,200,225,1/
734,1,16,14,174,200,227,2/
735,1,16,15,175,201,228,4/
736,1,16,16,173,201,225,66/
737,1,16,17,174,200,227,2/
738,1,16,18,174,200,227,2/
739,1,16,19,174,200,227,2/
740,1,16,20,174,200,227,2/
741,1,16,21,174,200,227,2/
742,1,16,22,174,200,227,2/
743,1,16,23,174,200,227,2/
744,1,16,24,174,200,227,2/
745,1,16,25,174,200,227,2/
746,1,16,26,174,200,227,2/
747,1,16,27,174,200,227,2/
748,1,16,28,174,200,227,2/
749,1,16,29,174,200,227,2/
750,1,16,30,174,200,227,2/
751,1,16,31,174,200,227,2/
752,1,16,32,174,200,227,2/
753,1,16,33,173,200,229,25/
754,1,16,34,177,199,223,82/
755,1,16,35,174,201,228,7/
756,1,16,36,173,198,228,41/
757,1,16,37,207,217,226,10/
758,1,16,38,208,216,227,83/
759,1,16,39,206,176,114,28/
760,1,16,40,205,176,118,26/
761,1,16,41,205,176,116,12/
762,1,16,42,206,176,116,11/
763,1,16,43,203,178,114,34/
764,1,16,44,204,175,117,44/
765,1,16,45,52,68,84,24/
766,1,16,46,51,69,83,84/
767,1,16,47,52,68,83,30/
768,1,16,48,51,69,83,84/
769,1,17,1,175,201,226,18/
770,1,17,2,174,200,225,1/
771,1,17,3,174,200,227,2/
772,1,17,4,173,200,227,5/
773,1,17,5,175,201,228,4/
774,1,17,6,174,200,227,2/
775,1,17,7,174,200,223,8/
776,1,17,8,174,200,225,1/
777,1,17,9,174,200,227,2/
778,1,17,10,174,200,227,2/
779,1,17,11,174,200,227,2/
780,1,17,12,174,200,227,2/
781,1,17,13,174,200,227,2/
782,1,17,14,174,200,227,2/
783,1,17,15,174,200,227,2/
784,1,17,16,174,200,227,2/
785,1,17,17,174,200,227,2/
786,1,17,18,174,200,227,2/
787,1,17,19,174,200,227,2/
788,1,17,20,174,200,227,2/
789,1,17,21,174,200,227,2/
790,1,17,22,174,200,227,2/
791,1,17,23,174,200,227,2/
792,1,17,24,174,200,227,2/
793,1,17,25,174,200,227,2/
794,1,17,26,174,200,227,2/
795,1,17,27,174,200,227,2/
796,1,17,28,174,200,227,2/
797,1,17,29,174,200,227,2/
798,1,17,30,174,200,227,2/
799,1,17,31,174,200,227,2/
800,1,17,32,174,200,227,2/
801,1,17,33,174,200,225,1/
802,1,17,34,173,201,223,67/
803,1,17,35,173,200,227,5/
804,1,17,36,174,199,229,17/
805,1,17,37,208,218,228,68/
806,1,17,38,206,176,116,11/
807,1,17,39,205,175,113,78/
808,1,17,40,203,178,114,34/
809,1,17,41,201,177,117,85/
810,1,17,42,54,67,86,72/
811,1,17,43,206,175,118,21/
812,1,17,44,206,174,113,86/
813,1,17,45,52,70,84,87/
814,1,17,46,51,66,87,88/
815,1,17,47,52,68,83,30/
816,1,17,48,52,68,84,24/
817,1,18,1,175,201,228,4/
818,1,18,2,173,199,226,3/
819,1,18,3,175,200,230,9/
820,1,18,4,174,200,227,2/
821,1,18,5,174,200,225,1/
822,1,18,6,172,202,230,89/
823,1,18,7,174,201,228,7/
824,1,18,8,175,200,230,9/
825,1,18,9,174,200,227,2/
826,1,18,10,174,200,227,2/
827,1,18,11,174,200,227,2/
828,1,18,12,174,200,227,2/
829,1,18,13,174,200,227,2/
830,1,18,14,174,200,227,2/
831,1,18,15,174,200,227,2/
832,1,18,16,174,200,227,2/
833,1,18,17,174,200,227,2/
834,1,18,18,174,200,227,2/
835,1,18,19,174,200,227,2/
836,1,18,20,174,200,227,2/
837,1,18,21,174,200,227,2/
838,1,18,22,174,200,227,2/
839,1,18,23,174,200,227,2/
840,1,18,24,174,200,227,2/
841,1,18,25,174,200,227,2/
842,1,18,26,174,200,227,2/
843,1,18,27,174,200,227,2/
844,1,18,28,174,200,227,2/
845,1,18,29,174,200,227,2/
846,1,18,30,174,200,227,2/
847,1,18,31,174,200,227,2/
848,1,18,32,174,200,227,2/
849,1,18,33,175,200,230,9/
850,1,18,34,175,200,230,9/
851,1,18,35,176,196,229,90/
852,1,18,36,208,218,228,68/
853,1,18,37,207,218,224,91/
854,1,18,38,203,178,114,34/
855,1,18,39,206,175,118,21/
856,1,18,40,51,66,87,88/
857,1,18,41,206,176,116,11/
858,1,18,42,201,178,111,92/
859,1,18,43,202,178,118,93/
860,1,18,44,205,177,114,20/
861,1,18,45,51,68,86,16/
862,1,18,46,52,68,81,38/
863,1,18,47,51,67,83,29/
864,1,18,48,54,67,84,14/
865,1,19,1,174,200,227,2/
866,1,19,2,174,201,228,7/
867,1,19,3,175,200,230,9/
868,1,19,4,176,200,226,43/
869,1,19,5,175,199,223,40/
870,1,19,6,175,201,228,4/
871,1,19,7,173,199,226,3/
872,1,19,8,176,200,226,43/
873,1,19,9,174,200,227,2/
874,1,19,10,174,200,227,2/
875,1,19,11,174,200,227,2/
876,1,19,12,174,200,227,2/
877,1,19,13,174,200,227,2/
878,1,19,14,174,200,227,2/
879,1,19,15,174,200,227,2/
880,1,19,16,174,200,227,2/
881,1,19,17,174,200,227,2/
882,1,19,18,174,200,227,2/
883,1,19,19,174,200,227,2/
884,1,19,20,174,200,227,2/
885,1,19,21,174,200,227,2/
886,1,19,22,174,200,227,2/
887,1,19,23,174,200,227,2/
888,1,19,24,174,200,227,2/
889,1,19,25,174,200,227,2/
890,1,19,26,174,200,227,2/
891,1,19,27,174,200,227,2/
892,1,19,28,174,200,227,2/
893,1,19,29,174,200,227,2/
894,1,19,30,174,200,227,2/
895,1,19,31,174,200,227,2/
896,1,19,32,174,200,227,2/
897,1,19,33,174,200,225,1/
898,1,19,34,174,199,229,17/
899,1,19,35,175,199,227,6/
900,1,19,36,205,218,224,94/
901,1,19,37,207,176,119,27/
902,1,19,38,207,174,120,95/
903,1,19,39,206,176,116,11/
904,1,19,40,205,176,116,12/
905,1,19,41,205,177,114,20/
906,1,19,42,204,175,117,44/
907,1,19,43,207,175,114,35/
908,1,19,44,49,68,83,13/
909,1,19,45,54,67,86,72/
910,1,19,46,205,177,114,20/
911,1,19,47,52,68,81,38/
912,1,19,48,52,68,84,24/
913,1,20,1,174,200,227,2/
914,1,20,2,175,201,226,18/
915,1,20,3,173,200,229,25/
916,1,20,4,174,200,227,2/
917,1,20,5,174,201,228,7/
918,1,20,6,174,200,227,2/
919,1,20,7,175,200,230,9/
920,1,20,8,174,200,227,2/
921,1,20,9,174,200,227,2/
922,1,20,10,174,200,227,2/
923,1,20,11,174,200,227,2/
924,1,20,12,174,200,227,2/
925,1,20,13,174,200,227,2/
926,1,20,14,174,200,227,2/
927,1,20,15,174,200,227,2/
928,1,20,16,174,200,227,2/
929,1,20,17,174,200,227,2/
930,1,20,18,174,200,227,2/
931,1,20,19,174,200,227,2/
932,1,20,20,174,200,227,2/
933,1,20,21,174,200,227,2/
934,1,20,22,174,200,227,2/
935,1,20,23,174,200,227,2/
936,1,20,24,174,200,227,2/
937,1,20,25,174,200,227,2/
938,1,20,26,174,200,227,2/
939,1,20,27,174,200,227,2/
940,1,20,28,174,200,227,2/
941,1,20,29,174,200,227,2/
942,1,20,30,174,200,227,2/
943,1,20,31,174,200,227,2/
944,1,20,32,174,200,227,2/
945,1,20,33,174,200,225,1/
946,1,20,34,174,200,227,2/
947,1,20,35,176,202,225,96/
948,1,20,36,207,217,226,10/
949,1,20,37,206,176,114,28/
950,1,20,38,203,177,118,97/
951,1,20,39,204,176,113,98/
952,1,20,40,204,175,115,46/
953,1,20,41,205,176,116,12/
954,1,20,42,205,177,114,20/
955,1,20,43,205,176,116,12/
956,1,20,44,205,177,114,20/
957,1,20,45,52,67,86,48/
958,1,20,46,52,68,84,24/
959,1,20,47,53,66,83,75/
960,1,20,48,51,69,83,84/
961,1,21,1,175,199,225,59/
962,1,21,2,173,200,229,25/
963,1,21,3,175,201,228,4/
964,1,21,4,173,200,227,5/
965,1,21,5,174,201,228,7/
966,1,21,6,174,201,228,7/
967,1,21,7,204,220,235,99/
968,1,21,8,174,200,225,1/
969,1,21,9,174,200,227,2/
970,1,21,10,174,200,227,2/
971,1,21,11,174,200,227,2/
972,1,21,12,174,200,227,2/
973,1,21,13,174,200,227,2/
974,1,21,14,174,200,227,2/
975,1,21,15,174,200,227,2/
976,1,21,16,174,200,227,2/
977,1,21,17,174,200,227,2/
978,1,21,18,174,200,227,2/
979,1,21,19,174,200,227,2/
980,1,21,20,174,200,227,2/
981,1,21,21,174,200,227,2/
982,1,21,22,174,200,227,2/
983,1,21,23,174,200,227,2/
984,1,21,24,174,200,227,2/
985,1,21,25,174,200,227,2/
986,1,21,26,174,200,227,2/
987,1,21,27,174,200,227,2/
988,1,21,28,174,200,227,2/
989,1,21,29,174,200,227,2/
990,1,21,30,174,200,227,2/
991,1,21,31,174,200,227,2/
992,1,21,32,174,200,227,2/
993,1,21,33,173,200,229,25/
994,1,21,34,174,200,225,1/
995,1,21,35,173,200,227,5/
996,1,21,36,208,216,227,83/
997,1,21,37,205,176,118,26/
998,1,21,38,204,175,117,44/
999,1,21,39,205,176,116,12/
1000,1,21,40,203,177,116,100/
1001,1,21,41,206,175,118,21/
1002,1,21,42,51,68,86,16/
1003,1,21,43,204,176,113,98/
1004,1,21,44,204,175,115,46/
1005,1,21,45,51,69,83,84/
1006,1,21,46,54,67,83,22/
1007,1,21,47,52,68,84,24/
1008,1,21,48,51,69,83,84/
1009,1,22,1,175,200,230,9/
1010,1,22,2,175,199,227,6/
1011,1,22,3,176,200,228,42/
1012,1,22,4,174,200,225,1/
1013,1,22,5,173,200,229,25/
1014,1,22,6,207,220,237,101/
1015,1,22,7,205,224,239,102/
1016,1,22,8,207,220,237,101/
1017,1,22,9,174,200,227,2/
1018,1,22,10,174,200,227,2/
1019,1,22,11,174,200,227,2/
1020,1,22,12,174,200,227,2/
1021,1,22,13,174,200,227,2/
1022,1,22,14,174,200,227,2/
1023,1,22,15,174,200,227,2/
1024,1,22,16,174,200,227,2/
1025,1,22,17,174,200,227,2/
1026,1,22,18,174,200,227,2/
1027,1,22,19,174,200,227,2/
1028,1,22,20,174,200,227,2/
1029,1,22,21,174,200,227,2/
1030,1,22,22,174,200,227,2/
1031,1,22,23,174,200,227,2/
1032,1,22,24,174,200,227,2/
1033,1,22,25,174,200,227,2/
1034,1,22,26,174,200,227,2/
1035,1,22,27,174,200,227,2/
1036,1,22,28,174,200,227,2/
1037,1,22,29,174,200,227,2/
1038,1,22,30,174,200,227,2/
1039,1,22,31,174,200,227,2/
1040,1,22,32,174,200,227,2/
1041,1,22,33,174,200,227,2/
1042,1,22,34,175,201,228,4/
1043,1,22,35,173,200,227,5/
1044,1,22,36,207,217,226,10/
1045,1,22,37,206,176,114,28/
1046,1,22,38,205,176,116,12/
1047,1,22,39,204,175,115,46/
1048,1,22,40,204,175,115,46/
1049,1,22,41,205,176,116,12/
1050,1,22,42,205,177,114,20/
1051,1,22,43,207,175,116,80/
1052,1,22,44,52,67,86,48/
1053,1,22,45,52,68,83,30/
1054,1,22,46,51,68,84,37/
1055,1,22,47,54,67,84,14/
1056,1,22,48,51,66,85,50/
1057,1,23,1,174,200,227,2/
1058,1,23,2,175,200,230,9/
1059,1,23,3,175,199,227,6/
1060,1,23,4,175,201,226,18/
1061,1,23,5,173,200,227,5/
1062,1,23,6,174,201,228,7/
1063,1,23,7,206,222,237,103/
1064,1,23,8,173,200,227,5/
1065,1,23,9,174,200,227,2/
1066,1,23,10,174,200,227,2/
1067,1,23,11,174,200,227,2/
1068,1,23,12,174,200,227,2/
1069,1,23,13,174,200,227,2/
1070,1,23,14,174,200,227,2/
1071,1,23,15,174,200,227,2/
1072,1,23,16,174,200,227,2/
1073,1,23,17,174,200,227,2/
1074,1,23,18,174,200,227,2/
1075,1,23,19,174,200,227,2/
1076,1,23,20,174,200,227,2/
1077,1,23,21,174,200,227,2/
1078,1,23,22,174,200,227,2/
1079,1,23,23,174,200,227,2/
1080,1,23,24,174,200,227,2/
1081,1,23,25,174,200,227,2/
1082,1,23,26,174,200,227,2/
1083,1,23,27,174,200,227,2/
1084,1,23,28,174,200,227,2/
1085,1,23,29,174,200,227,2/
1086,1,23,30,174,200,227,2/
1087,1,23,31,174,200,227,2/
1088,1,23,32,174,200,227,2/
1089,1,23,33,175,200,230,9/
1090,1,23,34,173,201,225,66/
1091,1,23,35,177,198,227,104/
1092,1,23,36,209,217,228,105/
1093,1,23,37,204,175,115,46/
1094,1,23,38,203,176,120,106/
1095,1,23,39,206,176,112,107/
1096,1,23,40,205,176,118,26/
1097,1,23,41,206,176,116,11/
1098,1,23,42,205,176,118,26/
1099,1,23,43,207,175,116,80/
1100,1,23,44,51,68,86,16/
1101,1,23,45,204,175,117,44/
1102,1,23,46,204,178,119,108/
1103,1,23,47,53,66,83,75/
1104,1,23,48,52,70,82,109/
1105,1,24,1,174,200,227,2/
1106,1,24,2,173,201,225,66/
1107,1,24,3,175,201,228,4/
1108,1,24,4,175,199,225,59/
1109,1,24,5,175,200,230,9/
1110,1,24,6,175,199,225,59/
1111,1,24,7,175,201,228,4/
1112,1,24,8,173,200,229,25/
1113,1,24,9,174,200,227,2/
1114,1,24,10,174,200,227,2/
1115,1,24,11,174,200,227,2/
1116,1,24,12,174,200,227,2/
1117,1,24,13,174,200,227,2/
1118,1,24,14,174,200,227,2/
1119,1,24,15,174,200,227,2/
1120,1,24,16,174,200,227,2/
1121,1,24,17,174,200,227,2/
1122,1,24,18,174,200,227,2/
1123,1,24,19,174,200,227,2/
1124,1,24,20,174,200,227,2/
1125,1,24,21,174,200,227,2/
1126,1,24,22,174,200,227,2/
1127,1,24,23,174,200,227,2/
1128,1,24,24,174,200,227,2/
1129,1,24,25,174,200,227,2/
1130,1,24,26,174,200,227,2/
1131,1,24,27,174,200,227,2/
1132,1,24,28,174,200,227,2/
1133,1,24,29,174,200,227,2/
1134,1,24,30,174,200,227,2/
1135,1,24,31,174,200,227,2/
1136,1,24,32,174,200,227,2/
1137,1,24,33,174,200,227,2/
1138,1,24,34,174,200,225,1/
1139,1,24,35,175,201,228,4/
1140,1,24,36,205,218,227,62/
1141,1,24,37,52,70,84,87/
1142,1,24,38,202,176,115,70/
1143,1,24,39,51,67,83,29/
1144,1,24,40,206,176,116,11/
1145,1,24,41,206,176,116,11/
1146,1,24,42,205,176,116,12/
1147,1,24,43,203,178,114,34/
1148,1,24,44,205,176,118,26/
1149,1,24,45,206,176,112,107/
1150,1,24,46,51,66,85,50/
1151,1,24,47,52,68,84,24/
1152,1,24,48,52,68,84,24/
1153,1,25,1,174,200,227,2/
1154,1,25,2,174,200,227,2/
1155,1,25,3,174,200,227,2/
1156,1,25,4,174,200,227,2/
1157,1,25,5,174,200,227,2/
1158,1,25,6,174,200,227,2/
1159,1,25,7,174,200,227,2/
1160,1,25,8,174,200,227,2/
1161,1,25,9,174,200,227,2/
1162,1,25,10,174,200,227,2/
1163,1,25,11,174,200,227,2/
1164,1,25,12,175,201,226,18/
1165,1,25,13,174,200,227,2/
1166,1,25,14,174,200,227,2/
1167,1,25,15,174,200,225,1/
1168,1,25,16,175,201,228,4/
1169,1,25,17,175,199,227,6/
1170,1,25,18,174,200,227,2/
1171,1,25,19,174,199,229,17/
1172,1,25,20,173,201,225,66/
1173,1,25,21,173,200,227,5/
1174,1,25,22,174,200,225,1/
1175,1,25,23,174,200,227,2/
1176,1,25,24,174,200,225,1/
1177,1,25,25,174,200,227,2/
1178,1,25,26,174,201,228,7/
1179,1,25,27,173,200,227,5/
1180,1,25,28,175,199,227,6/
1181,1,25,29,173,200,229,25/
1182,1,25,30,176,200,228,42/
1183,1,25,31,174,200,225,1/
1184,1,25,32,175,199,227,6/
1185,1,25,33,174,201,228,7/
1186,1,25,34,174,200,225,1/
1187,1,25,35,175,201,228,4/
1188,1,25,36,209,215,227,110/
1189,1,25,37,203,178,114,34/
1190,1,25,38,205,175,113,78/
1191,1,25,39,204,178,117,111/
1192,1,25,40,204,175,115,46/
1193,1,25,41,205,176,118,26/
1194,1,25,42,205,175,113,78/
1195,1,25,43,205,176,116,12/
1196,1,25,44,206,176,116,11/
1197,1,25,45,52,68,84,24/
1198,1,25,46,52,70,84,87/
1199,1,25,47,54,67,84,14/
1200,1,25,48,51,68,86,16/
1201,1,26,1,174,200,227,2/
1202,1,26,2,174,200,227,2/
1203,1,26,3,174,200,227,2/
1204,1,26,4,174,200,227,2/
1205,1,26,5,174,200,227,2/
1206,1,26,6,174,200,227,2/
1207,1,26,7,174,200,227,2/
1208,1,26,8,174,200,227,2/
1209,1,26,9,174,200,227,2/
1210,1,26,10,174,199,229,17/
1211,1,26,11,175,201,228,4/
1212,1,26,12,173,199,226,3/
1213,1,26,13,174,199,229,17/
1214,1,26,14,174,200,227,2/
1215,1,26,15,175,201,228,4/
1216,1,26,16,174,200,227,2/
1217,1,26,17,170,202,227,112/
1218,1,26,18,173,200,227,5/
1219,1,26,19,174,200,227,2/
1220,1,26,20,174,200,225,1/
1221,1,26,21,174,200,227,2/
1222,1,26,22,175,201,226,18/
1223,1,26,23,175,200,230,9/
1224,1,26,24,174,200,227,2/
1225,1,26,25,175,201,226,18/
1226,1,26,26,171,200,230,54/
1227,1,26,27,174,200,223,8/
1228,1,26,28,172,202,230,89/
1229,1,26,29,174,200,227,2/
1230,1,26,30,173,200,227,5/
1231,1,26,31,174,201,228,7/
1232,1,26,32,174,201,228,7/
1233,1,26,33,174,200,225,1/
1234,1,26,34,175,201,228,4/
1235,1,26,35,171,201,229,113/
1236,1,26,36,208,218,228,68/
1237,1,26,37,204,175,117,44/
1238,1,26,38,205,176,116,12/
1239,1,26,39,204,175,115,46/
1240,1,26,40,52,67,88,114/
1241,1,26,41,206,176,116,11/
1242,1,26,42,204,175,117,44/
1243,1,26,43,206,176,114,28/
1244,1,26,44,206,176,116,11/
1245,1,26,45,204,178,119,108/
1246,1,26,46,52,67,86,48/
1247,1,26,47,54,67,83,22/
1248,1,26,48,52,68,84,24/
1249,1,27,1,174,200,227,2/
1250,1,27,2,174,200,227,2/
1251,1,27,3,174,200,227,2/
1252,1,27,4,174,200,227,2/
1253,1,27,5,174,200,227,2/
1254,1,27,6,174,200,227,2/
1255,1,27,7,174,200,227,2/
1256,1,27,8,174,200,227,2/
1257,1,27,9,174,200,227,2/
1258,1,27,10,174,200,223,8/
1259,1,27,11,174,200,227,2/
1260,1,27,12,174,200,227,2/
1261,1,27,13,175,201,226,18/
1262,1,27,14,174,199,229,17/
1263,1,27,15,174,199,229,17/
1264,1,27,16,175,201,228,4/
1265,1,27,17,178,199,228,115/
1266,1,27,18,173,200,227,5/
1267,1,27,19,174,200,227,2/
1268,1,27,20,175,199,225,59/
1269,1,27,21,174,200,227,2/
1270,1,27,22,174,199,230,116/
1271,1,27,23,175,201,226,18/
1272,1,27,24,174,200,225,1/
1273,1,27,25,174,200,227,2/
1274,1,27,26,177,201,229,117/
1275,1,27,27,173,199,224,49/
1276,1,27,28,174,200,225,1/
1277,1,27,29,118,76,34,118/
1278,1,27,30,175,200,230,9/
1279,1,27,31,173,198,228,41/
1280,1,27,32,175,201,228,4/
1281,1,27,33,175,201,226,18/
1282,1,27,34,176,199,230,119/
1283,1,27,35,173,200,227,5/
1284,1,27,36,205,218,224,94/
1285,1,27,37,206,175,118,21/
1286,1,27,38,205,176,116,12/
1287,1,27,39,205,176,116,12/
1288,1,27,40,205,176,116,12/
1289,1,27,41,204,175,115,46/
1290,1,27,42,207,176,119,27/
1291,1,27,43,202,178,118,93/
1292,1,27,44,205,176,116,12/
1293,1,27,45,52,68,84,24/
1294,1,27,46,51,68,86,16/
1295,1,27,47,52,68,83,30/
1296,1,27,48,52,68,83,30/
1297,1,28,1,174,200,227,2/
1298,1,28,2,174,200,227,2/
1299,1,28,3,174,200,227,2/
1300,1,28,4,174,200,227,2/
1301,1,28,5,174,200,227,2/
1302,1,28,6,174,200,227,2/
1303,1,28,7,174,200,227,2/
1304,1,28,8,174,200,227,2/
1305,1,28,9,175,199,225,59/
1306,1,28,10,175,201,228,4/
1307,1,28,11,174,200,225,1/
1308,1,28,12,174,200,227,2/
1309,1,28,13,175,201,228,4/
1310,1,28,14,174,200,225,1/
1311,1,28,15,176,202,229,120/
1312,1,28,16,174,200,225,1/
1313,1,28,17,173,200,227,5/
1314,1,28,18,174,200,227,2/
1315,1,28,19,174,200,227,2/
1316,1,28,20,175,201,224,61/
1317,1,28,21,175,201,228,4/
1318,1,28,22,174,200,227,2/
1319,1,28,23,174,200,227,2/
1320,1,28,24,173,200,227,5/
1321,1,28,25,174,199,229,17/
1322,1,28,26,174,200,227,2/
1323,1,28,27,171,123,77,121/
1324,1,28,28,118,76,36,122/
1325,1,28,29,117,78,37,123/
1326,1,28,30,174,200,227,2/
1327,1,28,31,174,199,229,17/
1328,1,28,32,237,20,91,124/
1329,1,28,33,248,66,125,125/
1330,1,28,34,173,199,224,49/
1331,1,28,35,175,201,226,18/
1332,1,28,36,207,217,226,10/
1333,1,28,37,205,174,119,126/
1334,1,28,38,204,175,115,46/
1335,1,28,39,203,178,114,34/
1336,1,28,40,205,176,116,12/
1337,1,28,41,203,178,112,127/
1338,1,28,42,206,175,118,21/
1339,1,28,43,206,176,116,11/
1340,1,28,44,52,68,84,24/
1341,1,28,45,53,66,83,75/
1342,1,28,46,53,70,86,71/
1343,1,28,47,51,68,84,37/
1344,1,28,48,52,68,83,30/
1345,1,29,1,174,200,227,2/
1346,1,29,2,174,200,227,2/
1347,1,29,3,174,200,227,2/
1348,1,29,4,174,200,227,2/
1349,1,29,5,174,200,227,2/
1350,1,29,6,174,200,227,2/
1351,1,29,7,174,200,227,2/
1352,1,29,8,174,200,227,2/
1353,1,29,9,175,199,225,59/
1354,1,29,10,198,223,243,128/
1355,1,29,11,175,201,228,4/
1356,1,29,12,174,200,227,2/
1357,1,29,13,174,200,223,8/
1358,1,29,14,174,200,227,2/
1359,1,29,15,174,199,229,17/
1360,1,29,16,175,201,228,4/
1361,1,29,17,176,200,228,42/
1362,1,29,18,175,201,228,4/
1363,1,29,19,174,199,229,17/
1364,1,29,20,174,199,230,116/
1365,1,29,21,175,201,224,61/
1366,1,29,22,175,199,225,59/
1367,1,29,23,174,200,225,1/
1368,1,29,24,173,201,225,66/
1369,1,29,25,119,76,33,129/
1370,1,29,26,114,77,35,130/
1371,1,29,27,117,75,37,131/
1372,1,29,28,119,75,36,132/
1373,1,29,29,237,20,89,133/
1374,1,29,30,237,20,91,124/
1375,1,29,31,237,20,91,124/
1376,1,29,32,236,19,88,134/
1377,1,29,33,237,19,93,135/
1378,1,29,34,175,201,226,18/
1379,1,29,35,173,199,226,3/
1380,1,29,36,208,217,224,136/
1381,1,29,37,206,176,116,11/
1382,1,29,38,205,175,113,78/
1383,1,29,39,205,176,116,12/
1384,1,29,40,52,68,84,24/
1385,1,29,41,204,175,115,46/
1386,1,29,42,205,176,118,26/
1387,1,29,43,204,176,113,98/
1388,1,29,44,205,175,113,78/
1389,1,29,45,203,177,116,100/
1390,1,29,46,52,67,86,48/
1391,1,29,47,52,68,84,24/
1392,1,29,48,51,68,86,16/
1393,1,30,1,174,200,227,2/
1394,1,30,2,174,200,227,2/
1395,1,30,3,174,200,227,2/
1396,1,30,4,174,200,227,2/
1397,1,30,5,174,200,227,2/
1398,1,30,6,174,200,227,2/
1399,1,30,7,174,200,227,2/
1400,1,30,8,174,200,227,2/
1401,1,30,9,174,200,227,2/
1402,1,30,10,173,198,228,41/
1403,1,30,11,175,201,228,4/
1404,1,30,12,174,200,227,2/
1405,1,30,13,173,199,226,3/
1406,1,30,14,175,201,226,18/
1407,1,30,15,174,200,227,2/
1408,1,30,16,174,200,225,1/
1409,1,30,17,173,200,227,5/
1410,1,30,18,174,200,227,2/
1411,1,30,19,175,199,223,40/
1412,1,30,20,174,199,229,17/
1413,1,30,21,174,200,227,2/
1414,1,30,22,174,200,227,2/
1415,1,30,23,174,200,227,2/
1416,1,30,24,174,199,229,17/
1417,1,30,25,119,75,36,132/
1418,1,30,26,253,243,178,137/
1419,1,30,27,255,241,180,138/
1420,1,30,28,255,242,179,139/
1421,1,30,29,237,19,93,135/
1422,1,30,30,237,21,93,140/
1423,1,30,31,251,244,176,141/
1424,1,30,32,237,20,91,124/
1425,1,30,33,235,21,93,142/
1426,1,30,34,252,242,183,143/
1427,1,30,35,255,240,178,144/
1428,1,30,36,208,218,228,68/
1429,1,30,37,205,176,118,26/
1430,1,30,38,205,177,114,20/
1431,1,30,39,205,177,114,20/
1432,1,30,40,203,176,120,106/
1433,1,30,41,207,175,116,80/
1434,1,30,42,205,176,118,26/
1435,1,30,43,205,176,120,145/
1436,1,30,44,206,176,116,11/
1437,1,30,45,54,67,86,72/
1438,1,30,46,48,70,83,146/
1439,1,30,47,51,68,84,37/
1440,1,30,48,205,177,114,20/
1441,1,31,1,174,200,227,2/
1442,1,31,2,174,200,227,2/
1443,1,31,3,174,200,227,2/
1444,1,31,4,174,200,227,2/
1445,1,31,5,174,200,227,2/
1446,1,31,6,174,200,227,2/
1447,1,31,7,174,200,227,2/
1448,1,31,8,174,200,227,2/
1449,1,31,9,174,200,227,2/
1450,1,31,10,175,201,226,18/
1451,1,31,11,174,200,227,2/
1452,1,31,12,174,200,227,2/
1453,1,31,13,176,202,229,120/
1454,1,31,14,173,198,228,41/
1455,1,31,15,174,200,227,2/
1456,1,31,16,174,199,229,17/
1457,1,31,17,174,200,227,2/
1458,1,31,18,177,197,224,147/
1459,1,31,19,174,200,227,2/
1460,1,31,20,175,201,228,4/
1461,1,31,21,174,200,227,2/
1462,1,31,22,173,200,227,5/
1463,1,31,23,173,200,227,5/
1464,1,31,24,174,200,227,2/
1465,1,31,25,116,77,38,148/
1466,1,31,26,253,241,180,149/
1467,1,31,27,253,243,172,150/
1468,1,31,28,176,200,226,43/
1469,1,31,29,177,198,227,104/
1470,1,31,30,174,200,227,2/
1471,1,31,31,254,243,177,151/
1472,1,31,32,174,201,228,7/
1473,1,31,33,235,20,88,152/
1474,1,31,34,178,199,226,153/
1475,1,31,35,173,200,227,5/
1476,1,31,36,207,217,229,154/
1477,1,31,37,205,177,114,20/
1478,1,31,38,205,176,116,12/
1479,1,31,39,205,176,116,12/
1480,1,31,40,206,176,112,107/
1481,1,31,41,205,177,114,20/
1482,1,31,42,204,175,115,46/
1483,1,31,43,200,180,119,155/
1484,1,31,44,206,175,118,21/
1485,1,31,45,51,68,84,37/
1486,1,31,46,54,67,83,22/
1487,1,31,47,56,67,87,156/
1488,1,31,48,51,68,84,37/
1489,1,32,1,174,200,227,2/
1490,1,32,2,174,200,227,2/
1491,1,32,3,174,200,227,2/
1492,1,32,4,174,200,227,2/
1493,1,32,5,174,200,227,2/
1494,1,32,6,174,200,227,2/
1495,1,32,7,174,200,227,2/
1496,1,32,8,174,200,227,2/
1497,1,32,9,173,200,227,5/
1498,1,32,10,173,200,229,25/
1499,1,32,11,174,200,225,1/
1500,1,32,12,175,201,226,18/
1501,1,32,13,173,199,226,3/
1502,1,32,14,175,201,226,18/
1503,1,32,15,174,200,225,1/
1504,1,32,16,173,200,227,5/
1505,1,32,17,223,217,67,157/
1506,1,32,18,174,200,227,2/
1507,1,32,19,173,200,227,5/
1508,1,32,20,176,200,228,42/
1509,1,32,21,173,200,227,5/
1510,1,32,22,178,199,228,115/
1511,1,32,23,170,202,227,112/
1512,1,32,24,175,199,227,6/
1513,1,32,25,175,201,226,18/
1514,1,32,26,174,199,230,116/
1515,1,32,27,174,200,225,1/
1516,1,32,28,172,202,228,158/
1517,1,32,29,175,200,230,9/
1518,1,32,30,171,201,225,159/
1519,1,32,31,255,242,181,160/
1520,1,32,32,175,199,227,6/
1521,1,32,33,174,200,225,1/
1522,1,32,34,174,199,229,17/
1523,1,32,35,174,200,225,1/
1524,1,32,36,208,216,227,83/
1525,1,32,37,205,176,118,26/
1526,1,32,38,206,176,116,11/
1527,1,32,39,207,176,119,27/
1528,1,32,40,205,176,116,12/
1529,1,32,41,207,176,119,27/
1530,1,32,42,203,177,116,100/
1531,1,32,43,207,175,116,80/
1532,1,32,44,52,68,83,30/
1533,1,32,45,51,69,83,84/
1534,1,32,46,51,68,84,37/
1535,1,32,47,52,68,83,30/
1536,1,32,48,52,68,83,30/
1537,1,33,1,174,200,227,2/
1538,1,33,2,175,201,228,4/
1539,1,33,3,174,200,227,2/
1540,1,33,4,174,199,229,17/
1541,1,33,5,175,201,226,18/
1542,1,33,6,175,200,230,9/
1543,1,33,7,174,200,227,2/
1544,1,33,8,174,200,227,2/
1545,1,33,9,175,201,226,18/
1546,1,33,10,173,200,229,25/
1547,1,33,11,175,201,228,4/
1548,1,33,12,173,200,227,5/
1549,1,33,13,173,201,225,66/
1550,1,33,14,174,200,227,2/
1551,1,33,15,176,200,228,42/
1552,1,33,16,223,217,67,157/
1553,1,33,17,228,53,50,161/
1554,1,33,18,219,217,70,162/
1555,1,33,19,175,201,228,4/
1556,1,33,20,174,200,227,2/
1557,1,33,21,174,201,228,7/
1558,1,33,22,173,200,227,5/
1559,1,33,23,175,201,228,4/
1560,1,33,24,175,201,228,4/
1561,1,33,25,174,200,227,2/
1562,1,33,26,173,201,225,66/
1563,1,33,27,176,200,228,42/
1564,1,33,28,175,199,227,6/
1565,1,33,29,173,200,227,5/
1566,1,33,30,173,200,227,5/
1567,1,33,31,173,200,227,5/
1568,1,33,32,175,199,225,59/
1569,1,33,33,173,200,227,5/
1570,1,33,34,174,199,229,17/
1571,1,33,35,174,200,225,1/
1572,1,33,36,207,217,226,10/
1573,1,33,37,206,175,118,21/
1574,1,33,38,204,175,117,44/
1575,1,33,39,206,175,118,21/
1576,1,33,40,203,178,114,34/
1577,1,33,41,206,176,116,11/
1578,1,33,42,204,175,115,46/
1579,1,33,43,205,176,116,12/
1580,1,33,44,53,66,83,75/
1581,1,33,45,51,66,85,50/
1582,1,33,46,203,177,118,97/
1583,1,33,47,51,69,83,84/
1584,1,33,48,52,68,83,30/
1585,1,34,1,175,201,226,18/
1586,1,34,2,173,199,224,49/
1587,1,34,3,175,201,226,18/
1588,1,34,4,175,201,226,18/
1589,1,34,5,174,200,227,2/
1590,1,34,6,174,200,227,2/
1591,1,34,7,175,201,226,18/
1592,1,34,8,174,200,225,1/
1593,1,34,9,174,200,227,2/
1594,1,34,10,175,199,225,59/
1595,1,34,11,175,199,227,6/
1596,1,34,12,174,200,225,1/
1597,1,34,13,175,201,228,4/
1598,1,34,14,175,201,226,18/
1599,1,34,15,177,197,224,147/
1600,1,34,16,176,200,228,42/
1601,1,34,17,219,217,70,162/
1602,1,34,18,176,200,228,42/
1603,1,34,19,174,200,225,1/
1604,1,34,20,174,200,227,2/
1605,1,34,21,174,200,225,1/
1606,1,34,22,174,199,229,17/
1607,1,34,23,173,200,229,25/
1608,1,34,24,176,200,226,43/
1609,1,34,25,175,200,230,9/
1610,1,34,26,173,201,225,66/
1611,1,34,27,174,200,225,1/
1612,1,34,28,175,201,228,4/
1613,1,34,29,173,200,229,25/
1614,1,34,30,176,202,225,96/
1615,1,34,31,252,240,179,163/
1616,1,34,32,175,200,230,9/
1617,1,34,33,175,199,227,6/
1618,1,34,34,175,201,226,18/
1619,1,34,35,174,199,229,17/
1620,1,34,36,207,217,229,154/
1621,1,34,37,205,176,116,12/
1622,1,34,38,206,176,116,11/
1623,1,34,39,206,176,116,11/
1624,1,34,40,53,65,87,164/
1625,1,34,41,204,175,117,44/
1626,1,34,42,55,68,87,165/
1627,1,34,43,204,175,117,44/
1628,1,34,44,51,68,84,37/
1629,1,34,45,51,69,83,84/
1630,1,34,46,54,66,88,166/
1631,1,34,47,52,68,84,24/
1632,1,34,48,52,68,84,24/
1633,1,35,1,174,199,229,17/
1634,1,35,2,175,201,228,4/
1635,1,35,3,173,199,224,49/
1636,1,35,4,198,223,243,128/
1637,1,35,5,175,201,226,18/
1638,1,35,6,174,200,223,8/
1639,1,35,7,174,200,227,2/
1640,1,35,8,174,199,229,17/
1641,1,35,9,174,200,223,8/
1642,1,35,10,174,200,227,2/
1643,1,35,11,173,200,227,5/
1644,1,35,12,173,200,229,25/
1645,1,35,13,173,199,226,3/
1646,1,35,14,175,200,230,9/
1647,1,35,15,175,201,226,18/
1648,1,35,16,174,200,227,2/
1649,1,35,17,175,201,228,4/
1650,1,35,18,174,200,225,1/
1651,1,35,19,175,199,227,6/
1652,1,35,20,175,201,228,4/
1653,1,35,21,177,198,225,167/
1654,1,35,22,173,201,225,66/
1655,1,35,23,174,200,225,1/
1656,1,35,24,173,200,229,25/
1657,1,35,25,120,76,37,168/
1658,1,35,26,253,243,178,137/
1659,1,35,27,252,243,176,169/
1660,1,35,28,176,197,226,170/
1661,1,35,29,175,201,226,18/
1662,1,35,30,173,198,228,41/
1663,1,35,31,13,96,130,171/
1664,1,35,32,174,200,227,2/
1665,1,35,33,174,200,227,2/
1666,1,35,34,171,201,229,113/
1667,1,35,35,172,200,224,172/
1668,1,35,36,207,217,226,10/
1669,1,35,37,206,176,112,107/
1670,1,35,38,204,176,113,98/
1671,1,35,39,205,174,119,126/
1672,1,35,40,204,179,115,173/
1673,1,35,41,206,176,116,11/
1674,1,35,42,205,176,118,26/
1675,1,35,43,206,174,113,86/
1676,1,35,44,52,68,84,24/
1677,1,35,45,54,67,84,14/
1678,1,35,46,54,67,84,14/
1679,1,35,47,205,177,114,20/
1680,1,35,48,52,68,84,24/
1681,1,36,1,173,200,227,5/
1682,1,36,2,173,199,226,3/
1683,1,36,3,175,201,228,4/
1684,1,36,4,175,199,223,40/
1685,1,36,5,174,200,227,2/
1686,1,36,6,174,200,225,1/
1687,1,36,7,174,200,227,2/
1688,1,36,8,175,201,228,4/
1689,1,36,9,173,200,230,174/
1690,1,36,10,174,201,228,7/
1691,1,36,11,175,201,226,18/
1692,1,36,12,175,199,227,6/
1693,1,36,13,178,199,228,115/
1694,1,36,14,173,199,226,3/
1695,1,36,15,175,201,228,4/
1696,1,36,16,173,201,225,66/
1697,1,36,17,174,200,227,2/
1698,1,36,18,174,200,227,2/
1699,1,36,19,175,201,228,4/
1700,1,36,20,172,201,233,175/
1701,1,36,21,174,200,225,1/
1702,1,36,22,173,200,227,5/
1703,1,36,23,175,201,228,4/
1704,1,36,24,175,199,225,59/
1705,1,36,25,118,76,38,176/
1706,1,36,26,120,76,39,177/
1707,1,36,27,255,241,182,178/
1708,1,36,28,255,242,179,139/
1709,1,36,29,11,97,132,179/
1710,1,36,30,12,96,132,180/
1711,1,36,31,11,98,128,181/
1712,1,36,32,203,239,251,182/
1713,1,36,33,203,239,253,183/
1714,1,36,34,203,239,253,183/
1715,1,36,35,6,5,3,184/
1716,1,36,36,208,218,228,68/
1717,1,36,37,205,176,118,26/
1718,1,36,38,205,176,116,12/
1719,1,36,39,205,176,116,12/
1720,1,36,40,204,175,115,46/
1721,1,36,41,205,176,116,12/
1722,1,36,42,54,67,84,14/
1723,1,36,43,203,177,116,100/
1724,1,36,44,51,67,83,29/
1725,1,36,45,51,69,83,84/
1726,1,36,46,51,70,85,81/
1727,1,36,47,52,68,84,24/
1728,1,36,48,53,70,86,71/
1729,1,37,1,173,200,227,5/
1730,1,37,2,175,201,228,4/
1731,1,37,3,173,199,226,3/
1732,1,37,4,175,200,230,9/
1733,1,37,5,174,200,227,2/
1734,1,37,6,174,199,229,17/
1735,1,37,7,174,200,227,2/
1736,1,37,8,174,200,225,1/
1737,1,37,9,175,201,226,18/
1738,1,37,10,174,200,225,1/
1739,1,37,11,174,200,227,2/
1740,1,37,12,170,200,228,76/
1741,1,37,13,175,199,227,6/
1742,1,37,14,173,200,229,25/
1743,1,37,15,174,200,225,1/
1744,1,37,16,173,200,227,5/
1745,1,37,17,174,201,228,7/
1746,1,37,18,174,200,225,1/
1747,1,37,19,177,198,225,167/
1748,1,37,20,174,200,225,1/
1749,1,37,21,174,201,228,7/
1750,1,37,22,172,200,224,172/
1751,1,37,23,175,201,228,4/
1752,1,37,24,175,200,230,9/
1753,1,37,25,119,76,33,129/
1754,1,37,26,118,76,34,118/
1755,1,37,27,117,75,37,131/
1756,1,37,28,173,200,227,5/
1757,1,37,29,11,98,126,185/
1758,1,37,30,11,97,130,186/
1759,1,37,31,9,98,132,187/
1760,1,37,32,203,239,253,183/
1761,1,37,33,174,200,225,1/
1762,1,37,34,172,202,230,89/
1763,1,37,35,174,200,227,2/
1764,1,37,36,208,218,230,188/
1765,1,37,37,206,176,116,11/
1766,1,37,38,206,176,116,11/
1767,1,37,39,204,175,115,46/
1768,1,37,40,55,68,85,51/
1769,1,37,41,206,175,118,21/
1770,1,37,42,51,68,86,16/
1771,1,37,43,204,175,117,44/
1772,1,37,44,52,69,89,189/
1773,1,37,45,52,68,83,30/
1774,1,37,46,52,68,84,24/
1775,1,37,47,54,68,81,190/
1776,1,37,48,52,68,84,24/
1777,1,38,1,173,200,227,5/
1778,1,38,2,174,200,225,1/
1779,1,38,3,174,200,225,1/
1780,1,38,4,174,199,229,17/
1781,1,38,5,175,201,224,61/
1782,1,38,6,173,200,227,5/
1783,1,38,7,174,200,227,2/
1784,1,38,8,174,200,225,1/
1785,1,38,9,174,200,223,8/
1786,1,38,10,174,200,227,2/
1787,1,38,11,178,199,226,153/
1788,1,38,12,174,200,227,2/
1789,1,38,13,175,201,226,18/
1790,1,38,14,173,200,227,5/
1791,1,38,15,175,199,227,6/
1792,1,38,16,175,201,228,4/
1793,1,38,17,173,200,227,5/
1794,1,38,18,174,199,229,17/
1795,1,38,19,173,201,225,66/
1796,1,38,20,173,200,227,5/
1797,1,38,21,172,200,224,172/
1798,1,38,22,175,200,230,9/
1799,1,38,23,174,197,228,60/
1800,1,38,24,173,200,227,5/
1801,1,38,25,174,200,227,2/
1802,1,38,26,174,200,227,2/
1803,1,38,27,174,199,229,17/
1804,1,38,28,175,199,227,6/
1805,1,38,29,175,201,226,18/
1806,1,38,30,174,200,227,2/
1807,1,38,31,176,194,230,191/
1808,1,38,32,174,200,227,2/
1809,1,38,33,175,199,227,6/
1810,1,38,34,173,200,227,5/
1811,1,38,35,177,201,229,117/
1812,1,38,36,207,215,226,69/
1813,1,38,37,205,176,116,12/
1814,1,38,38,206,175,118,21/
1815,1,38,39,203,179,117,192/
1816,1,38,40,201,177,117,85/
1817,1,38,41,207,175,116,80/
1818,1,38,42,201,178,111,92/
1819,1,38,43,55,68,85,51/
1820,1,38,44,204,175,117,44/
1821,1,38,45,203,177,118,97/
1822,1,38,46,54,67,84,14/
1823,1,38,47,53,70,86,71/
1824,1,38,48,51,68,84,37/
1825,1,39,1,174,200,225,1/
1826,1,39,2,175,201,226,18/
1827,1,39,3,175,201,228,4/
1828,1,39,4,174,199,229,17/
1829,1,39,5,174,201,228,7/
1830,1,39,6,173,200,227,5/
1831,1,39,7,175,201,226,18/
1832,1,39,8,174,200,225,1/
1833,1,39,9,173,198,228,41/
1834,1,39,10,205,223,240,193/
1835,1,39,11,174,200,227,2/
1836,1,39,12,174,200,225,1/
1837,1,39,13,174,201,228,7/
1838,1,39,14,174,200,227,2/
1839,1,39,15,175,199,225,59/
1840,1,39,16,173,200,229,25/
1841,1,39,17,175,201,228,4/
1842,1,39,18,173,200,229,25/
1843,1,39,19,174,200,225,1/
1844,1,39,20,175,201,228,4/
1845,1,39,21,175,201,228,4/
1846,1,39,22,174,197,228,60/
1847,1,39,23,176,200,226,43/
1848,1,39,24,176,200,228,42/
1849,1,39,25,175,201,228,4/
1850,1,39,26,173,199,226,3/
1851,1,39,27,175,200,230,9/
1852,1,39,28,175,201,228,4/
1853,1,39,29,174,200,227,2/
1854,1,39,30,175,200,230,9/
1855,1,39,31,175,201,228,4/
1856,1,39,32,174,200,227,2/
1857,1,39,33,175,201,228,4/
1858,1,39,34,175,200,230,9/
1859,1,39,35,174,199,229,17/
1860,1,39,36,207,217,226,10/
1861,1,39,37,206,176,114,28/
1862,1,39,38,205,176,116,12/
1863,1,39,39,202,178,118,93/
1864,1,39,40,205,177,114,20/
1865,1,39,41,202,177,113,74/
1866,1,39,42,205,176,118,26/
1867,1,39,43,204,175,115,46/
1868,1,39,44,207,175,114,35/
1869,1,39,45,204,175,115,46/
1870,1,39,46,52,68,84,24/
1871,1,39,47,51,69,83,84/
1872,1,39,48,52,68,84,24/
1873,1,40,1,174,199,229,17/
1874,1,40,2,175,200,230,9/
1875,1,40,3,174,200,227,2/
1876,1,40,4,175,201,224,61/
1877,1,40,5,173,200,229,25/
1878,1,40,6,174,200,227,2/
1879,1,40,7,174,200,227,2/
1880,1,40,8,174,199,229,17/
1881,1,40,9,174,200,227,2/
1882,1,40,10,173,198,228,41/
1883,1,40,11,174,200,223,8/
1884,1,40,12,175,201,226,18/
1885,1,40,13,173,200,230,174/
1886,1,40,14,174,200,223,8/
1887,1,40,15,174,200,227,2/
1888,1,40,16,175,201,226,18/
1889,1,40,17,175,201,228,4/
1890,1,40,18,176,200,226,43/
1891,1,40,19,173,200,229,25/
1892,1,40,20,175,199,225,59/
1893,1,40,21,175,200,230,9/
1894,1,40,22,173,200,227,5/
1895,1,40,23,176,200,228,42/
1896,1,40,24,171,201,225,159/
1897,1,40,25,174,200,227,2/
1898,1,40,26,176,200,228,42/
1899,1,40,27,177,198,227,104/
1900,1,40,28,175,201,226,18/
1901,1,40,29,174,200,227,2/
1902,1,40,30,174,200,227,2/
1903,1,40,31,174,199,229,17/
1904,1,40,32,173,201,225,66/
1905,1,40,33,174,200,227,2/
1906,1,40,34,173,201,225,66/
1907,1,40,35,175,201,228,4/
1908,1,40,36,207,217,226,10/
1909,1,40,37,205,174,119,126/
1910,1,40,38,205,176,118,26/
1911,1,40,39,204,176,113,98/
1912,1,40,40,54,67,86,72/
1913,1,40,41,205,176,116,12/
1914,1,40,42,205,176,116,12/
1915,1,40,43,206,176,116,11/
1916,1,40,44,203,178,114,34/
1917,1,40,45,203,176,120,106/
1918,1,40,46,54,67,86,72/
1919,1,40,47,51,68,86,16/
1920,1,40,48,52,68,84,24/
1921,1,41,1,174,200,227,2/
1922,1,41,2,174,200,227,2/
1923,1,41,3,174,200,227,2/
1924,1,41,4,174,200,227,2/
1925,1,41,5,174,200,227,2/
1926,1,41,6,174,200,227,2/
1927,1,41,7,174,200,227,2/
1928,1,41,8,174,200,227,2/
1929,1,41,9,174,200,227,2/
1930,1,41,10,174,200,227,2/
1931,1,41,11,174,200,227,2/
1932,1,41,12,174,200,227,2/
1933,1,41,13,174,200,227,2/
1934,1,41,14,174,200,227,2/
1935,1,41,15,174,200,227,2/
1936,1,41,16,174,200,227,2/
1937,1,41,17,174,200,227,2/
1938,1,41,18,174,200,227,2/
1939,1,41,19,174,200,227,2/
1940,1,41,20,174,200,227,2/
1941,1,41,21,174,200,227,2/
1942,1,41,22,174,200,227,2/
1943,1,41,23,174,200,227,2/
1944,1,41,24,174,200,227,2/
1945,1,41,25,174,200,227,2/
1946,1,41,26,174,200,227,2/
1947,1,41,27,174,200,227,2/
1948,1,41,28,174,200,227,2/
1949,1,41,29,174,200,227,2/
1950,1,41,30,174,200,227,2/
1951,1,41,31,174,200,227,2/
1952,1,41,32,174,200,227,2/
1953,1,41,33,175,200,230,9/
1954,1,41,34,173,199,224,49/
1955,1,41,35,174,199,229,17/
1956,1,41,36,207,217,226,10/
1957,1,41,37,205,176,116,12/
1958,1,41,38,205,177,114,20/
1959,1,41,39,204,175,115,46/
1960,1,41,40,205,177,114,20/
1961,1,41,41,203,177,118,97/
1962,1,41,42,206,176,116,11/
1963,1,41,43,52,68,83,30/
1964,1,41,44,204,175,117,44/
1965,1,41,45,205,177,114,20/
1966,1,41,46,53,68,87,52/
1967,1,41,47,51,67,83,29/
1968,1,41,48,203,177,116,100/
1969,1,42,1,174,200,227,2/
1970,1,42,2,174,200,227,2/
1971,1,42,3,174,200,227,2/
1972,1,42,4,174,200,227,2/
1973,1,42,5,174,200,227,2/
1974,1,42,6,174,200,227,2/
1975,1,42,7,174,200,227,2/
1976,1,42,8,174,200,227,2/
1977,1,42,9,174,200,227,2/
1978,1,42,10,174,200,227,2/
1979,1,42,11,174,200,227,2/
1980,1,42,12,174,200,227,2/
1981,1,42,13,174,200,227,2/
1982,1,42,14,174,200,227,2/
1983,1,42,15,174,200,227,2/
1984,1,42,16,174,200,227,2/
1985,1,42,17,174,200,227,2/
1986,1,42,18,174,200,227,2/
1987,1,42,19,174,200,227,2/
1988,1,42,20,174,200,227,2/
1989,1,42,21,174,200,227,2/
1990,1,42,22,174,200,227,2/
1991,1,42,23,174,200,227,2/
1992,1,42,24,174,200,227,2/
1993,1,42,25,174,200,227,2/
1994,1,42,26,174,200,227,2/
1995,1,42,27,174,200,227,2/
1996,1,42,28,174,200,227,2/
1997,1,42,29,174,200,227,2/
1998,1,42,30,174,200,227,2/
1999,1,42,31,174,200,227,2/
2000,1,42,32,174,200,227,2/
2001,1,42,33,173,201,225,66/
2002,1,42,34,176,199,230,119/
2003,1,42,35,174,200,225,1/
2004,1,42,36,205,218,227,62/
2005,1,42,37,207,176,119,27/
2006,1,42,38,203,174,116,194/
2007,1,42,39,206,176,116,11/
2008,1,42,40,205,176,116,12/
2009,1,42,41,205,177,114,20/
2010,1,42,42,206,176,114,28/
2011,1,42,43,52,67,86,48/
2012,1,42,44,206,176,116,11/
2013,1,42,45,205,175,113,78/
2014,1,42,46,51,67,83,29/
2015,1,42,47,55,68,85,51/
2016,1,42,48,51,66,85,50/
2017,1,43,1,174,200,227,2/
2018,1,43,2,174,200,227,2/
2019,1,43,3,174,200,227,2/
2020,1,43,4,174,200,227,2/
2021,1,43,5,174,200,227,2/
2022,1,43,6,174,200,227,2/
2023,1,43,7,174,200,227,2/
2024,1,43,8,174,200,227,2/
2025,1,43,9,174,200,227,2/
2026,1,43,10,174,200,227,2/
2027,1,43,11,174,200,227,2/
2028,1,43,12,174,200,227,2/
2029,1,43,13,174,200,227,2/
2030,1,43,14,174,200,227,2/
2031,1,43,15,174,200,227,2/
2032,1,43,16,174,200,227,2/
2033,1,43,17,174,200,227,2/
2034,1,43,18,174,200,227,2/
2035,1,43,19,174,200,227,2/
2036,1,43,20,174,200,227,2/
2037,1,43,21,174,200,227,2/
2038,1,43,22,174,200,227,2/
2039,1,43,23,174,200,227,2/
2040,1,43,24,174,200,227,2/
2041,1,43,25,174,200,227,2/
2042,1,43,26,174,200,227,2/
2043,1,43,27,174,200,227,2/
2044,1,43,28,174,200,227,2/
2045,1,43,29,174,200,227,2/
2046,1,43,30,174,200,227,2/
2047,1,43,31,174,200,227,2/
2048,1,43,32,174,200,227,2/
2049,1,43,33,177,198,227,104/
2050,1,43,34,174,200,227,2/
2051,1,43,35,175,201,226,18/
2052,1,43,36,207,217,226,10/
2053,1,43,37,204,175,115,46/
2054,1,43,38,208,176,119,195/
2055,1,43,39,205,176,118,26/
2056,1,43,40,206,176,116,11/
2057,1,43,41,206,176,116,11/
2058,1,43,42,204,175,117,44/
2059,1,43,43,204,175,117,44/
2060,1,43,44,204,175,115,46/
2061,1,43,45,205,176,120,145/
2062,1,43,46,54,67,86,72/
2063,1,43,47,53,66,83,75/
2064,1,43,48,51,69,83,84/
2065,1,44,1,174,200,227,2/
2066,1,44,2,174,200,227,2/
2067,1,44,3,174,200,227,2/
2068,1,44,4,174,200,227,2/
2069,1,44,5,174,200,227,2/
2070,1,44,6,174,200,227,2/
2071,1,44,7,174,200,227,2/
2072,1,44,8,174,200,227,2/
2073,1,44,9,174,200,227,2/
2074,1,44,10,174,200,227,2/
2075,1,44,11,174,200,227,2/
2076,1,44,12,174,200,227,2/
2077,1,44,13,174,200,227,2/
2078,1,44,14,174,200,227,2/
2079,1,44,15,174,200,227,2/
2080,1,44,16,174,200,227,2/
2081,1,44,17,174,200,227,2/
2082,1,44,18,174,200,227,2/
2083,1,44,19,174,200,227,2/
2084,1,44,20,174,200,227,2/
2085,1,44,21,174,200,227,2/
2086,1,44,22,174,200,227,2/
2087,1,44,23,174,200,227,2/
2088,1,44,24,174,200,227,2/
2089,1,44,25,174,200,227,2/
2090,1,44,26,174,200,227,2/
2091,1,44,27,174,200,227,2/
2092,1,44,28,174,200,227,2/
2093,1,44,29,174,200,227,2/
2094,1,44,30,174,200,227,2/
2095,1,44,31,174,200,227,2/
2096,1,44,32,174,200,227,2/
2097,1,44,33,173,200,227,5/
2098,1,44,34,176,200,226,43/
2099,1,44,35,175,199,227,6/
2100,1,44,36,210,216,230,196/
2101,1,44,37,203,178,114,34/
2102,1,44,38,51,69,83,84/
2103,1,44,39,204,175,115,46/
2104,1,44,40,206,176,116,11/
2105,1,44,41,206,175,118,21/
2106,1,44,42,206,175,118,21/
2107,1,44,43,203,177,116,100/
2108,1,44,44,204,176,111,197/
2109,1,44,45,204,175,117,44/
2110,1,44,46,51,66,85,50/
2111,1,44,47,52,68,84,24/
2112,1,44,48,52,68,84,24/
2113,1,45,1,174,200,227,2/
2114,1,45,2,174,200,227,2/
2115,1,45,3,174,200,227,2/
2116,1,45,4,174,200,227,2/
2117,1,45,5,174,200,227,2/
2118,1,45,6,174,200,227,2/
2119,1,45,7,174,200,227,2/
2120,1,45,8,174,200,227,2/
2121,1,45,9,174,200,227,2/
2122,1,45,10,174,200,227,2/
2123,1,45,11,174,200,227,2/
2124,1,45,12,174,200,227,2/
2125,1,45,13,174,200,227,2/
2126,1,45,14,174,200,227,2/
2127,1,45,15,174,200,227,2/
2128,1,45,16,174,200,227,2/
2129,1,45,17,174,200,227,2/
2130,1,45,18,174,200,227,2/
2131,1,45,19,174,200,227,2/
2132,1,45,20,174,200,227,2/
2133,1,45,21,174,200,227,2/
2134,1,45,22,174,200,227,2/
2135,1,45,23,174,200,227,2/
2136,1,45,24,174,200,227,2/
2137,1,45,25,174,200,227,2/
2138,1,45,26,174,200,227,2/
2139,1,45,27,174,200,227,2/
2140,1,45,28,174,200,227,2/
2141,1,45,29,174,200,227,2/
2142,1,45,30,174,200,227,2/
2143,1,45,31,174,200,227,2/
2144,1,45,32,174,200,227,2/
2145,1,45,33,175,201,224,61/
2146,1,45,34,174,201,228,7/
2147,1,45,35,174,201,228,7/
2148,1,45,36,208,216,227,83/
2149,1,45,37,205,176,118,26/
2150,1,45,38,206,175,118,21/
2151,1,45,39,205,176,118,26/
2152,1,45,40,55,68,85,51/
2153,1,45,41,205,176,118,26/
2154,1,45,42,52,67,86,48/
2155,1,45,43,205,175,113,78/
2156,1,45,44,51,68,86,16/
2157,1,45,45,207,175,114,35/
2158,1,45,46,51,66,85,50/
2159,1,45,47,51,68,84,37/
2160,1,45,48,51,68,84,37/
2161,1,46,1,174,200,227,2/
2162,1,46,2,174,200,227,2/
2163,1,46,3,174,200,227,2/
2164,1,46,4,174,200,227,2/
2165,1,46,5,174,200,227,2/
2166,1,46,6,174,200,227,2/
2167,1,46,7,174,200,227,2/
2168,1,46,8,174,200,227,2/
2169,1,46,9,174,200,227,2/
2170,1,46,10,174,200,227,2/
2171,1,46,11,174,200,227,2/
2172,1,46,12,174,200,227,2/
2173,1,46,13,174,200,227,2/
2174,1,46,14,174,200,227,2/
2175,1,46,15,174,200,227,2/
2176,1,46,16,174,200,227,2/
2177,1,46,17,174,200,227,2/
2178,1,46,18,174,200,227,2/
2179,1,46,19,174,200,227,2/
2180,1,46,20,174,200,227,2/
2181,1,46,21,174,200,227,2/
2182,1,46,22,174,200,227,2/
2183,1,46,23,174,200,227,2/
2184,1,46,24,174,200,227,2/
2185,1,46,25,174,200,227,2/
2186,1,46,26,174,200,227,2/
2187,1,46,27,174,200,227,2/
2188,1,46,28,174,200,227,2/
2189,1,46,29,174,200,227,2/
2190,1,46,30,174,200,227,2/
2191,1,46,31,174,200,227,2/
2192,1,46,32,174,200,227,2/
2193,1,46,33,175,200,230,9/
2194,1,46,34,175,201,228,4/
2195,1,46,35,174,199,229,17/
2196,1,46,36,207,217,226,10/
2197,1,46,37,206,176,116,11/
2198,1,46,38,205,177,114,20/
2199,1,46,39,201,177,117,85/
2200,1,46,40,203,178,114,34/
2201,1,46,41,204,175,115,46/
2202,1,46,42,202,179,111,198/
2203,1,46,43,204,178,119,108/
2204,1,46,44,204,176,113,98/
2205,1,46,45,52,67,86,48/
2206,1,46,46,53,68,87,52/
2207,1,46,47,52,68,83,30/
2208,1,46,48,52,68,84,24/
2209,1,47,1,174,200,227,2/
2210,1,47,2,174,200,227,2/
2211,1,47,3,174,200,227,2/
2212,1,47,4,174,200,227,2/
2213,1,47,5,174,200,227,2/
2214,1,47,6,174,200,227,2/
2215,1,47,7,174,200,227,2/
2216,1,47,8,174,200,227,2/
2217,1,47,9,174,200,227,2/
2218,1,47,10,174,200,227,2/
2219,1,47,11,174,200,227,2/
2220,1,47,12,174,200,227,2/
2221,1,47,13,174,200,227,2/
2222,1,47,14,174,200,227,2/
2223,1,47,15,174,200,227,2/
2224,1,47,16,174,200,227,2/
2225,1,47,17,174,200,227,2/
2226,1,47,18,174,200,227,2/
2227,1,47,19,174,200,227,2/
2228,1,47,20,174,200,227,2/
2229,1,47,21,174,200,227,2/
2230,1,47,22,174,200,227,2/
2231,1,47,23,174,200,227,2/
2232,1,47,24,174,200,227,2/
2233,1,47,25,174,200,227,2/
2234,1,47,26,174,200,227,2/
2235,1,47,27,174,200,227,2/
2236,1,47,28,174,200,227,2/
2237,1,47,29,174,200,227,2/
2238,1,47,30,174,200,227,2/
2239,1,47,31,174,200,227,2/
2240,1,47,32,174,200,227,2/
2241,1,47,33,175,201,228,4/
2242,1,47,34,174,200,227,2/
2243,1,47,35,172,202,228,158/
2244,1,47,36,208,215,223,199/
2245,1,47,37,206,175,118,21/
2246,1,47,38,201,177,117,85/
2247,1,47,39,206,176,112,107/
2248,1,47,40,205,176,116,12/
2249,1,47,41,205,176,118,26/
2250,1,47,42,206,176,116,11/
2251,1,47,43,48,69,86,200/
2252,1,47,44,206,176,116,11/
2253,1,47,45,51,67,83,29/
2254,1,47,46,52,67,86,48/
2255,1,47,47,48,69,86,200/
2256,1,47,48,52,67,86,48/
2257,1,48,1,174,200,227,2/
2258,1,48,2,174,200,227,2/
2259,1,48,3,174,200,227,2/
2260,1,48,4,174,200,227,2/
2261,1,48,5,174,200,227,2/
2262,1,48,6,174,200,227,2/
2263,1,48,7,174,200,227,2/
2264,1,48,8,174,200,227,2/
2265,1,48,9,174,200,227,2/
2266,1,48,10,174,200,227,2/
2267,1,48,11,174,200,227,2/
2268,1,48,12,174,200,227,2/
2269,1,48,13,174,200,227,2/
2270,1,48,14,174,200,227,2/
2271,1,48,15,174,200,227,2/
2272,1,48,16,174,200,227,2/
2273,1,48,17,174,200,227,2/
2274,1,48,18,174,200,227,2/
2275,1,48,19,174,200,227,2/
2276,1,48,20,174,200,227,2/
2277,1,48,21,174,200,227,2/
2278,1,48,22,174,200,227,2/
2279,1,48,23,174,200,227,2/
2280,1,48,24,174,200,227,2/
2281,1,48,25,174,200,227,2/
2282,1,48,26,174,200,227,2/
2283,1,48,27,174,200,227,2/
2284,1,48,28,174,200,227,2/
2285,1,48,29,174,200,227,2/
2286,1,48,30,174,200,227,2/
2287,1,48,31,174,200,227,2/
2288,1,48,32,174,200,227,2/
2289,1,48,33,175,201,228,4/
2290,1,48,34,175,201,228,4/
2291,1,48,35,173,201,225,66/
2292,1,48,36,207,217,226,10/
2293,1,48,37,205,217,229,201/
2294,1,48,38,205,177,114,20/
2295,1,48,39,52,68,84,24/
2296,1,48,40,205,176,118,26/
2297,1,48,41,205,176,116,12/
2298,1,48,42,54,67,86,72/
2299,1,48,43,52,68,84,24/
2300,1,48,44,203,177,116,100/
2301,1,48,45,52,68,84,24/
2302,1,48,46,51,68,84,37/
2303,1,48,47,205,176,116,12/
2304,1,48,48,52,68,83,30/
2305,1,49,1,174,200,227,2/
2306,1,49,2,174,200,227,2/
2307,1,49,3,174,200,227,2/
2308,1,49,4,174,200,227,2/
2309,1,49,5,174,200,227,2/
2310,1,49,6,174,200,227,2/
2311,1,49,7,174,200,227,2/
2312,1,49,8,174,200,227,2/
2313,1,49,9,174,200,227,2/
2314,1,49,10,174,200,227,2/
2315,1,49,11,174,200,227,2/
2316,1,49,12,174,200,227,2/
2317,1,49,13,174,200,227,2/
2318,1,49,14,174,200,227,2/
2319,1,49,15,174,200,227,2/
2320,1,49,16,174,200,227,2/
2321,1,49,17,174,200,227,2/
2322,1,49,18,174,200,227,2/
2323,1,49,19,174,200,227,2/
2324,1,49,20,174,200,227,2/
2325,1,49,21,174,200,227,2/
2326,1,49,22,174,200,227,2/
2327,1,49,23,174,200,227,2/
2328,1,49,24,174,200,227,2/
2329,1,49,25,174,200,227,2/
2330,1,49,26,174,200,227,2/
2331,1,49,27,174,200,227,2/
2332,1,49,28,174,200,227,2/
2333,1,49,29,174,200,227,2/
2334,1,49,30,174,200,227,2/
2335,1,49,31,174,200,227,2/
2336,1,49,32,174,200,227,2/
2337,1,49,33,173,200,227,5/
2338,1,49,34,174,200,227,2/
2339,1,49,35,175,201,228,4/
2340,1,49,36,175,201,226,18/
2341,1,49,37,207,217,226,10/
2342,1,49,38,205,176,116,12/
2343,1,49,39,205,176,120,145/
2344,1,49,40,52,68,83,30/
2345,1,49,41,206,176,114,28/
2346,1,49,42,51,68,86,16/
2347,1,49,43,206,175,118,21/
2348,1,49,44,205,176,118,26/
2349,1,49,45,52,68,83,30/
2350,1,49,46,51,68,84,37/
2351,1,49,47,52,68,84,24/
2352,1,49,48,52,68,83,30/
2353,1,50,1,174,200,227,2/
2354,1,50,2,174,200,227,2/
2355,1,50,3,174,200,227,2/
2356,1,50,4,174,200,227,2/
2357,1,50,5,174,200,227,2/
2358,1,50,6,174,200,227,2/
2359,1,50,7,174,200,227,2/
2360,1,50,8,174,200,227,2/
2361,1,50,9,174,200,227,2/
2362,1,50,10,174,200,227,2/
2363,1,50,11,174,200,227,2/
2364,1,50,12,174,200,227,2/
2365,1,50,13,174,200,227,2/
2366,1,50,14,174,200,227,2/
2367,1,50,15,174,200,227,2/
2368,1,50,16,174,200,227,2/
2369,1,50,17,174,200,227,2/
2370,1,50,18,174,200,227,2/
2371,1,50,19,174,200,227,2/
2372,1,50,20,174,200,227,2/
2373,1,50,21,174,200,227,2/
2374,1,50,22,174,200,227,2/
2375,1,50,23,174,200,227,2/
2376,1,50,24,174,200,227,2/
2377,1,50,25,174,200,227,2/
2378,1,50,26,174,200,227,2/
2379,1,50,27,174,200,227,2/
2380,1,50,28,174,200,227,2/
2381,1,50,29,174,200,227,2/
2382,1,50,30,174,200,227,2/
2383,1,50,31,174,200,227,2/
2384,1,50,32,174,200,227,2/
2385,1,50,33,174,200,227,2/
2386,1,50,34,174,200,227,2/
2387,1,50,35,174,199,229,17/
2388,1,50,36,173,200,229,25/
2389,1,50,37,207,216,231,202/
2390,1,50,38,208,218,227,63/
2391,1,50,39,200,179,116,47/
2392,1,50,40,201,177,113,23/
2393,1,50,41,205,176,118,26/
2394,1,50,42,51,66,85,50/
2395,1,50,43,53,70,86,71/
2396,1,50,44,204,175,115,46/
2397,1,50,45,52,68,84,24/
2398,1,50,46,203,178,114,34/
2399,1,50,47,54,67,84,14/
2400,1,50,48,54,67,86,72/
2401,1,51,1,174,200,227,2/
2402,1,51,2,174,200,227,2/
2403,1,51,3,174,200,227,2/
2404,1,51,4,174,200,227,2/
2405,1,51,5,174,200,227,2/
2406,1,51,6,174,200,227,2/
2407,1,51,7,174,200,227,2/
2408,1,51,8,174,200,227,2/
2409,1,51,9,174,200,227,2/
2410,1,51,10,174,200,227,2/
2411,1,51,11,174,200,227,2/
2412,1,51,12,174,200,227,2/
2413,1,51,13,174,200,227,2/
2414,1,51,14,174,200,227,2/
2415,1,51,15,174,200,227,2/
2416,1,51,16,174,200,227,2/
2417,1,51,17,174,200,227,2/
2418,1,51,18,174,200,227,2/
2419,1,51,19,174,200,227,2/
2420,1,51,20,174,200,227,2/
2421,1,51,21,174,200,227,2/
2422,1,51,22,174,200,227,2/
2423,1,51,23,174,200,227,2/
2424,1,51,24,174,200,227,2/
2425,1,51,25,174,200,227,2/
2426,1,51,26,174,200,227,2/
2427,1,51,27,174,200,227,2/
2428,1,51,28,174,200,227,2/
2429,1,51,29,174,200,227,2/
2430,1,51,30,174,200,227,2/
2431,1,51,31,174,200,227,2/
2432,1,51,32,174,200,227,2/
2433,1,51,33,173,201,225,66/
2434,1,51,34,174,200,227,2/
2435,1,51,35,177,198,225,167/
2436,1,51,36,173,200,227,5/
2437,1,51,37,175,199,227,6/
2438,1,51,38,205,218,227,62/
2439,1,51,39,205,176,118,26/
2440,1,51,40,207,175,114,35/
2441,1,51,41,204,175,115,46/
2442,1,51,42,206,176,116,11/
2443,1,51,43,206,176,116,11/
2444,1,51,44,205,176,118,26/
2445,1,51,45,51,69,83,84/
2446,1,51,46,51,68,84,37/
2447,1,51,47,52,68,84,24/
2448,1,51,48,51,69,83,84/
2449,1,52,1,174,200,227,2/
2450,1,52,2,174,200,227,2/
2451,1,52,3,174,200,227,2/
2452,1,52,4,174,200,227,2/
2453,1,52,5,174,200,227,2/
2454,1,52,6,174,200,227,2/
2455,1,52,7,174,200,227,2/
2456,1,52,8,174,200,227,2/
2457,1,52,9,174,200,227,2/
2458,1,52,10,174,200,227,2/
2459,1,52,11,174,200,227,2/
2460,1,52,12,174,200,227,2/
2461,1,52,13,174,200,227,2/
2462,1,52,14,174,200,227,2/
2463,1,52,15,174,200,227,2/
2464,1,52,16,174,200,227,2/
2465,1,52,17,174,200,227,2/
2466,1,52,18,174,200,227,2/
2467,1,52,19,174,200,227,2/
2468,1,52,20,174,200,227,2/
2469,1,52,21,174,200,227,2/
2470,1,52,22,174,200,227,2/
2471,1,52,23,174,200,227,2/
2472,1,52,24,174,200,227,2/
2473,1,52,25,174,200,227,2/
2474,1,52,26,174,200,227,2/
2475,1,52,27,174,200,227,2/
2476,1,52,28,174,200,227,2/
2477,1,52,29,174,200,227,2/
2478,1,52,30,174,200,227,2/
2479,1,52,31,174,200,227,2/
2480,1,52,32,174,200,227,2/
2481,1,52,33,174,200,227,2/
2482,1,52,34,175,199,225,59/
2483,1,52,35,173,201,223,67/
2484,1,52,36,173,200,227,5/
2485,1,52,37,174,199,229,17/
2486,1,52,38,208,216,227,83/
2487,1,52,39,207,217,229,154/
2488,1,52,40,206,176,116,11/
2489,1,52,41,205,176,116,12/
2490,1,52,42,204,176,113,98/
2491,1,52,43,52,67,86,48/
2492,1,52,44,203,178,114,34/
2493,1,52,45,51,68,84,37/
2494,1,52,46,54,68,81,190/
2495,1,52,47,52,68,83,30/
2496,1,52,48,52,68,84,24/
2497,1,53,1,174,200,227,2/
2498,1,53,2,174,200,227,2/
2499,1,53,3,174,200,227,2/
2500,1,53,4,174,200,227,2/
2501,1,53,5,174,200,227,2/
2502,1,53,6,174,200,227,2/
2503,1,53,7,174,200,227,2/
2504,1,53,8,174,200,227,2/
2505,1,53,9,174,200,227,2/
2506,1,53,10,174,200,227,2/
2507,1,53,11,174,200,227,2/
2508,1,53,12,174,200,227,2/
2509,1,53,13,174,200,227,2/
2510,1,53,14,174,200,227,2/
2511,1,53,15,174,200,227,2/
2512,1,53,16,174,200,227,2/
2513,1,53,17,174,200,227,2/
2514,1,53,18,174,200,227,2/
2515,1,53,19,174,200,227,2/
2516,1,53,20,174,200,227,2/
2517,1,53,21,174,200,227,2/
2518,1,53,22,174,200,227,2/
2519,1,53,23,174,200,227,2/
2520,1,53,24,174,200,227,2/
2521,1,53,25,174,200,227,2/
2522,1,53,26,174,200,227,2/
2523,1,53,27,174,200,227,2/
2524,1,53,28,174,200,227,2/
2525,1,53,29,174,200,227,2/
2526,1,53,30,174,200,227,2/
2527,1,53,31,174,200,227,2/
2528,1,53,32,174,200,227,2/
2529,1,53,33,174,200,227,2/
2530,1,53,34,173,200,229,25/
2531,1,53,35,175,201,226,18/
2532,1,53,36,174,200,225,1/
2533,1,53,37,175,199,225,59/
2534,1,53,38,173,200,227,5/
2535,1,53,39,206,219,228,203/
2536,1,53,40,51,68,84,37/
2537,1,53,41,205,176,116,12/
2538,1,53,42,206,176,114,28/
2539,1,53,43,51,67,83,29/
2540,1,53,44,206,175,118,21/
2541,1,53,45,51,68,86,16/
2542,1,53,46,53,68,87,52/
2543,1,53,47,51,68,84,37/
2544,1,53,48,203,177,116,100/
2545,1,54,1,174,200,227,2/
2546,1,54,2,174,200,227,2/
2547,1,54,3,174,200,227,2/
2548,1,54,4,174,200,227,2/
2549,1,54,5,174,200,227,2/
2550,1,54,6,174,200,227,2/
2551,1,54,7,174,200,227,2/
2552,1,54,8,174,200,227,2/
2553,1,54,9,174,200,227,2/
2554,1,54,10,174,200,227,2/
2555,1,54,11,174,200,227,2/
2556,1,54,12,174,200,227,2/
2557,1,54,13,174,200,227,2/
2558,1,54,14,174,200,227,2/
2559,1,54,15,174,200,227,2/
2560,1,54,16,174,200,227,2/
2561,1,54,17,174,200,227,2/
2562,1,54,18,174,200,227,2/
2563,1,54,19,174,200,227,2/
2564,1,54,20,174,200,227,2/
2565,1,54,21,174,200,227,2/
2566,1,54,22,174,200,227,2/
2567,1,54,23,174,200,227,2/
2568,1,54,24,174,200,227,2/
2569,1,54,25,174,200,227,2/
2570,1,54,26,174,200,227,2/
2571,1,54,27,174,200,227,2/
2572,1,54,28,174,200,227,2/
2573,1,54,29,174,200,227,2/
2574,1,54,30,174,200,227,2/
2575,1,54,31,174,200,227,2/
2576,1,54,32,174,200,227,2/
2577,1,54,33,175,200,230,9/
2578,1,54,34,174,199,230,116/
2579,1,54,35,173,201,225,66/
2580,1,54,36,175,199,227,6/
2581,1,54,37,175,201,226,18/
2582,1,54,38,174,201,228,7/
2583,1,54,39,209,215,227,110/
2584,1,54,40,206,219,227,204/
2585,1,54,41,207,174,120,95/
2586,1,54,42,54,67,83,22/
2587,1,54,43,203,177,116,100/
2588,1,54,44,51,66,85,50/
2589,1,54,45,54,67,83,22/
2590,1,54,46,51,68,84,37/
2591,1,54,47,56,68,84,205/
2592,1,54,48,52,68,84,24/
2593,1,55,1,174,200,227,2/
2594,1,55,2,174,200,227,2/
2595,1,55,3,174,200,227,2/
2596,1,55,4,174,200,227,2/
2597,1,55,5,174,200,227,2/
2598,1,55,6,174,200,227,2/
2599,1,55,7,174,200,227,2/
2600,1,55,8,174,200,227,2/
2601,1,55,9,174,200,227,2/
2602,1,55,10,174,200,227,2/
2603,1,55,11,174,200,227,2/
2604,1,55,12,174,200,227,2/
2605,1,55,13,174,200,227,2/
2606,1,55,14,174,200,227,2/
2607,1,55,15,174,200,227,2/
2608,1,55,16,174,200,227,2/
2609,1,55,17,174,200,227,2/
2610,1,55,18,174,200,227,2/
2611,1,55,19,174,200,227,2/
2612,1,55,20,174,200,227,2/
2613,1,55,21,174,200,227,2/
2614,1,55,22,174,200,227,2/
2615,1,55,23,174,200,227,2/
2616,1,55,24,174,200,227,2/
2617,1,55,25,174,200,227,2/
2618,1,55,26,174,200,227,2/
2619,1,55,27,174,200,227,2/
2620,1,55,28,174,200,227,2/
2621,1,55,29,174,200,227,2/
2622,1,55,30,174,200,227,2/
2623,1,55,31,174,200,227,2/
2624,1,55,32,174,200,227,2/
2625,1,55,33,173,201,225,66/
2626,1,55,34,175,201,226,18/
2627,1,55,35,175,199,227,6/
2628,1,55,36,173,200,230,174/
2629,1,55,37,173,201,225,66/
2630,1,55,38,175,201,224,61/
2631,1,55,39,174,199,229,17/
2632,1,55,40,207,217,226,10/
2633,1,55,41,205,176,118,26/
2634,1,55,42,48,71,87,206/
2635,1,55,43,207,175,116,80/
2636,1,55,44,51,69,83,84/
2637,1,55,45,203,177,118,97/
2638,1,55,46,51,67,83,29/
2639,1,55,47,52,68,84,24/
2640,1,55,48,51,68,84,37/
2641,1,56,1,174,200,227,2/
2642,1,56,2,174,200,227,2/
2643,1,56,3,174,200,227,2/
2644,1,56,4,174,200,227,2/
2645,1,56,5,174,200,227,2/
2646,1,56,6,174,200,227,2/
2647,1,56,7,174,200,227,2/
2648,1,56,8,174,200,227,2/
2649,1,56,9,174,200,227,2/
2650,1,56,10,174,200,227,2/
2651,1,56,11,174,200,227,2/
2652,1,56,12,174,200,227,2/
2653,1,56,13,174,200,227,2/
2654,1,56,14,174,200,227,2/
2655,1,56,15,174,200,227,2/
2656,1,56,16,174,200,227,2/
2657,1,56,17,174,200,227,2/
2658,1,56,18,174,200,227,2/
2659,1,56,19,174,200,227,2/
2660,1,56,20,174,200,227,2/
2661,1,56,21,174,200,227,2/
2662,1,56,22,174,200,227,2/
2663,1,56,23,174,200,227,2/
2664,1,56,24,174,200,227,2/
2665,1,56,25,174,200,227,2/
2666,1,56,26,174,200,227,2/
2667,1,56,27,174,200,227,2/
2668,1,56,28,174,200,227,2/
2669,1,56,29,174,200,227,2/
2670,1,56,30,174,200,227,2/
2671,1,56,31,174,200,227,2/
2672,1,56,32,174,200,227,2/
2673,1,56,33,174,200,227,2/
2674,1,56,34,175,201,226,18/
2675,1,56,35,175,201,228,4/
2676,1,56,36,174,200,225,1/
2677,1,56,37,173,200,229,25/
2678,1,56,38,174,199,229,17/
2679,1,56,39,175,201,226,18/
2680,1,56,40,207,217,226,10/
2681,1,56,41,205,176,116,12/
2682,1,56,42,206,175,118,21/
2683,1,56,43,206,175,118,21/
2684,1,56,44,51,68,84,37/
2685,1,56,45,52,68,84,24/
2686,1,56,46,52,68,84,24/
2687,1,56,47,51,68,84,37/
2688,1,56,48,54,67,86,72/
2689,1,57,1,175,199,227,6/
2690,1,57,2,204,221,237,53/
2691,1,57,3,175,199,227,6/
2692,1,57,4,173,200,227,5/
2693,1,57,5,174,200,227,2/
2694,1,57,6,175,200,230,9/
2695,1,57,7,174,200,225,1/
2696,1,57,8,174,200,225,1/
2697,1,57,9,174,200,227,2/
2698,1,57,10,174,200,227,2/
2699,1,57,11,174,200,227,2/
2700,1,57,12,174,200,227,2/
2701,1,57,13,174,200,227,2/
2702,1,57,14,174,200,227,2/
2703,1,57,15,174,200,227,2/
2704,1,57,16,174,200,227,2/
2705,1,57,17,174,200,227,2/
2706,1,57,18,174,200,227,2/
2707,1,57,19,174,200,227,2/
2708,1,57,20,174,200,227,2/
2709,1,57,21,174,200,227,2/
2710,1,57,22,174,200,227,2/
2711,1,57,23,174,200,227,2/
2712,1,57,24,174,200,227,2/
2713,1,57,25,174,200,227,2/
2714,1,57,26,174,200,227,2/
2715,1,57,27,174,200,227,2/
2716,1,57,28,174,200,227,2/
2717,1,57,29,174,200,227,2/
2718,1,57,30,174,200,227,2/
2719,1,57,31,174,200,227,2/
2720,1,57,32,174,200,227,2/
2721,1,57,33,174,200,227,2/
2722,1,57,34,173,200,227,5/
2723,1,57,35,174,200,227,2/
2724,1,57,36,174,200,227,2/
2725,1,57,37,174,200,227,2/
2726,1,57,38,174,200,227,2/
2727,1,57,39,174,200,227,2/
2728,1,57,40,207,217,226,10/
2729,1,57,41,203,177,118,97/
2730,1,57,42,205,176,118,26/
2731,1,57,43,202,176,115,70/
2732,1,57,44,206,176,116,11/
2733,1,57,45,206,176,116,11/
2734,1,57,46,54,67,84,14/
2735,1,57,47,51,68,84,37/
2736,1,57,48,206,176,116,11/
2737,1,58,1,204,221,237,53/
2738,1,58,2,205,223,240,193/
2739,1,58,3,206,222,237,103/
2740,1,58,4,173,199,226,3/
2741,1,58,5,175,201,224,61/
2742,1,58,6,176,199,230,119/
2743,1,58,7,171,201,227,207/
2744,1,58,8,174,199,229,17/
2745,1,58,9,174,200,227,2/
2746,1,58,10,174,200,227,2/
2747,1,58,11,174,200,227,2/
2748,1,58,12,174,200,227,2/
2749,1,58,13,174,200,227,2/
2750,1,58,14,174,200,227,2/
2751,1,58,15,174,200,227,2/
2752,1,58,16,174,200,227,2/
2753,1,58,17,174,200,227,2/
2754,1,58,18,174,200,227,2/
2755,1,58,19,174,200,227,2/
2756,1,58,20,174,200,227,2/
2757,1,58,21,174,200,227,2/
2758,1,58,22,174,200,227,2/
2759,1,58,23,174,200,227,2/
2760,1,58,24,174,200,227,2/
2761,1,58,25,174,200,227,2/
2762,1,58,26,174,200,227,2/
2763,1,58,27,174,200,227,2/
2764,1,58,28,174,200,227,2/
2765,1,58,29,174,200,227,2/
2766,1,58,30,174,200,227,2/
2767,1,58,31,174,200,227,2/
2768,1,58,32,174,200,227,2/
2769,1,58,33,174,200,227,2/
2770,1,58,34,173,200,227,5/
2771,1,58,35,174,200,227,2/
2772,1,58,36,174,200,227,2/
2773,1,58,37,174,200,227,2/
2774,1,58,38,174,200,227,2/
2775,1,58,39,174,200,227,2/
2776,1,58,40,207,217,226,10/
2777,1,58,41,205,175,113,78/
2778,1,58,42,205,177,114,20/
2779,1,58,43,206,176,114,28/
2780,1,58,44,204,175,115,46/
2781,1,58,45,52,67,88,114/
2782,1,58,46,51,70,85,81/
2783,1,58,47,54,67,84,14/
2784,1,58,48,51,67,83,29/
2785,1,59,1,175,199,227,6/
2786,1,59,2,206,222,237,103/
2787,1,59,3,175,200,230,9/
2788,1,59,4,174,200,225,1/
2789,1,59,5,175,199,225,59/
2790,1,59,6,175,200,230,9/
2791,1,59,7,174,199,229,17/
2792,1,59,8,175,201,228,4/
2793,1,59,9,174,200,227,2/
2794,1,59,10,174,200,227,2/
2795,1,59,11,174,200,227,2/
2796,1,59,12,174,200,227,2/
2797,1,59,13,174,200,227,2/
2798,1,59,14,174,200,227,2/
2799,1,59,15,174,200,227,2/
2800,1,59,16,174,200,227,2/
2801,1,59,17,174,200,227,2/
2802,1,59,18,174,200,227,2/
2803,1,59,19,174,200,227,2/
2804,1,59,20,174,200,227,2/
2805,1,59,21,174,200,227,2/
2806,1,59,22,174,200,227,2/
2807,1,59,23,174,200,227,2/
2808,1,59,24,174,200,227,2/
2809,1,59,25,174,200,227,2/
2810,1,59,26,174,200,227,2/
2811,1,59,27,174,200,227,2/
2812,1,59,28,174,200,227,2/
2813,1,59,29,174,200,227,2/
2814,1,59,30,174,200,227,2/
2815,1,59,31,174,200,227,2/
2816,1,59,32,174,200,227,2/
2817,1,59,33,174,200,227,2/
2818,1,59,34,173,200,227,5/
2819,1,59,35,174,200,227,2/
2820,1,59,36,174,200,227,2/
2821,1,59,37,174,200,227,2/
2822,1,59,38,174,200,227,2/
2823,1,59,39,174,200,227,2/
2824,1,59,40,207,217,226,10/
2825,1,59,41,205,176,118,26/
2826,1,59,42,205,176,120,145/
2827,1,59,43,204,175,115,46/
2828,1,59,44,205,176,120,145/
2829,1,59,45,51,69,81,208/
2830,1,59,46,55,68,85,51/
2831,1,59,47,51,69,83,84/
2832,1,59,48,51,68,86,16/
2833,1,60,1,173,200,227,5/
2834,1,60,2,173,199,226,3/
2835,1,60,3,174,200,225,1/
2836,1,60,4,172,202,230,89/
2837,1,60,5,173,200,227,5/
2838,1,60,6,174,199,229,17/
2839,1,60,7,175,201,226,18/
2840,1,60,8,174,200,227,2/
2841,1,60,9,174,200,227,2/
2842,1,60,10,174,200,227,2/
2843,1,60,11,174,200,227,2/
2844,1,60,12,174,200,227,2/
2845,1,60,13,174,200,227,2/
2846,1,60,14,174,200,227,2/
2847,1,60,15,174,200,227,2/
2848,1,60,16,174,200,227,2/
2849,1,60,17,174,200,227,2/
2850,1,60,18,174,200,227,2/
2851,1,60,19,174,200,227,2/
2852,1,60,20,174,200,227,2/
2853,1,60,21,174,200,227,2/
2854,1,60,22,174,200,227,2/
2855,1,60,23,174,200,227,2/
2856,1,60,24,174,200,227,2/
2857,1,60,25,174,200,227,2/
2858,1,60,26,174,200,227,2/
2859,1,60,27,174,200,227,2/
2860,1,60,28,174,200,227,2/
2861,1,60,29,174,200,227,2/
2862,1,60,30,174,200,227,2/
2863,1,60,31,174,200,227,2/
2864,1,60,32,174,200,227,2/
2865,1,60,33,174,200,227,2/
2866,1,60,34,173,200,227,5/
2867,1,60,35,174,200,227,2/
2868,1,60,36,174,200,227,2/
2869,1,60,37,174,200,227,2/
2870,1,60,38,174,200,227,2/
2871,1,60,39,174,200,227,2/
2872,1,60,40,207,217,226,10/
2873,1,60,41,202,178,118,93/
2874,1,60,42,205,177,114,20/
2875,1,60,43,207,176,119,27/
2876,1,60,44,205,176,116,12/
2877,1,60,45,203,178,114,34/
2878,1,60,46,52,67,88,114/
2879,1,60,47,53,67,80,209/
2880,1,60,48,53,68,87,52/
2881,1,61,1,174,200,227,2/
2882,1,61,2,175,201,224,61/
2883,1,61,3,175,199,225,59/
2884,1,61,4,173,200,227,5/
2885,1,61,5,173,199,224,49/
2886,1,61,6,175,201,228,4/
2887,1,61,7,174,200,227,2/
2888,1,61,8,175,201,228,4/
2889,1,61,9,174,200,227,2/
2890,1,61,10,174,200,227,2/
2891,1,61,11,174,200,227,2/
2892,1,61,12,174,200,227,2/
2893,1,61,13,174,200,227,2/
2894,1,61,14,174,200,227,2/
2895,1,61,15,174,200,227,2/
2896,1,61,16,174,200,227,2/
2897,1,61,17,174,200,227,2/
2898,1,61,18,174,200,227,2/
2899,1,61,19,174,200,227,2/
2900,1,61,20,174,200,227,2/
2901,1,61,21,174,200,227,2/
2902,1,61,22,174,200,227,2/
2903,1,61,23,174,200,227,2/
2904,1,61,24,174,200,227,2/
2905,1,61,25,174,200,227,2/
2906,1,61,26,174,200,227,2/
2907,1,61,27,174,200,227,2/
2908,1,61,28,174,200,227,2/
2909,1,61,29,174,200,227,2/
2910,1,61,30,174,200,227,2/
2911,1,61,31,174,200,227,2/
2912,1,61,32,174,200,227,2/
2913,1,61,33,174,200,227,2/
2914,1,61,34,173,200,227,5/
2915,1,61,35,174,200,227,2/
2916,1,61,36,174,200,227,2/
2917,1,61,37,174,200,227,2/
2918,1,61,38,174,200,227,2/
2919,1,61,39,174,200,227,2/
2920,1,61,40,207,217,226,10/
2921,1,61,41,207,175,114,35/
2922,1,61,42,206,175,118,21/
2923,1,61,43,203,177,118,97/
2924,1,61,44,206,176,116,11/
2925,1,61,45,206,176,116,11/
2926,1,61,46,51,68,86,16/
2927,1,61,47,52,68,84,24/
2928,1,61,48,52,68,84,24/
2929,1,62,1,175,200,230,9/
2930,1,62,2,176,199,230,119/
2931,1,62,3,175,200,230,9/
2932,1,62,4,174,199,229,17/
2933,1,62,5,175,201,228,4/
2934,1,62,6,174,200,227,2/
2935,1,62,7,172,202,228,158/
2936,1,62,8,174,200,227,2/
2937,1,62,9,174,200,227,2/
2938,1,62,10,174,200,227,2/
2939,1,62,11,174,200,227,2/
2940,1,62,12,174,200,227,2/
2941,1,62,13,174,200,227,2/
2942,1,62,14,174,200,227,2/
2943,1,62,15,174,200,227,2/
2944,1,62,16,174,200,227,2/
2945,1,62,17,174,200,227,2/
2946,1,62,18,174,200,227,2/
2947,1,62,19,174,200,227,2/
2948,1,62,20,174,200,227,2/
2949,1,62,21,174,200,227,2/
2950,1,62,22,174,200,227,2/
2951,1,62,23,174,200,227,2/
2952,1,62,24,174,200,227,2/
2953,1,62,25,174,200,227,2/
2954,1,62,26,174,200,227,2/
2955,1,62,27,174,200,227,2/
2956,1,62,28,174,200,227,2/
2957,1,62,29,174,200,227,2/
2958,1,62,30,174,200,227,2/
2959,1,62,31,174,200,227,2/
2960,1,62,32,174,200,227,2/
2961,1,62,33,174,200,227,2/
2962,1,62,34,173,200,227,5/
2963,1,62,35,174,200,227,2/
2964,1,62,36,174,200,227,2/
2965,1,62,37,174,200,227,2/
2966,1,62,38,174,200,227,2/
2967,1,62,39,174,200,227,2/
2968,1,62,40,207,217,226,10/
2969,1,62,41,206,176,112,107/
2970,1,62,42,52,67,88,114/
2971,1,62,43,53,70,90,210/
2972,1,62,44,204,176,113,98/
2973,1,62,45,207,174,120,95/
2974,1,62,46,51,66,87,88/
2975,1,62,47,51,70,85,81/
2976,1,62,48,205,176,116,12/
2977,1,63,1,174,200,225,1/
2978,1,63,2,171,201,227,207/
2979,1,63,3,174,199,229,17/
2980,1,63,4,175,201,226,18/
2981,1,63,5,174,200,227,2/
2982,1,63,6,172,202,228,158/
2983,1,63,7,175,199,227,6/
2984,1,63,8,174,201,228,7/
2985,1,63,9,174,200,227,2/
2986,1,63,10,174,200,227,2/
2987,1,63,11,174,200,227,2/
2988,1,63,12,174,200,227,2/
2989,1,63,13,174,200,227,2/
2990,1,63,14,174,200,227,2/
2991,1,63,15,174,200,227,2/
2992,1,63,16,174,200,227,2/
2993,1,63,17,174,200,227,2/
2994,1,63,18,174,200,227,2/
2995,1,63,19,174,200,227,2/
2996,1,63,20,174,200,227,2/
2997,1,63,21,174,200,227,2/
2998,1,63,22,174,200,227,2/
2999,1,63,23,174,200,227,2/
3000,1,63,24,174,200,227,2/
3001,1,63,25,174,200,227,2/
3002,1,63,26,174,200,227,2/
3003,1,63,27,174,200,227,2/
3004,1,63,28,174,200,227,2/
3005,1,63,29,174,200,227,2/
3006,1,63,30,174,200,227,2/
3007,1,63,31,174,200,227,2/
3008,1,63,32,174,200,227,2/
3009,1,63,33,174,200,227,2/
3010,1,63,34,173,200,227,5/
3011,1,63,35,174,200,227,2/
3012,1,63,36,174,200,227,2/
3013,1,63,37,174,200,227,2/
3014,1,63,38,174,200,227,2/
3015,1,63,39,174,200,227,2/
3016,1,63,40,207,217,226,10/
3017,1,63,41,205,176,120,145/
3018,1,63,42,206,176,116,11/
3019,1,63,43,203,177,116,100/
3020,1,63,44,205,175,113,78/
3021,1,63,45,204,175,117,44/
3022,1,63,46,50,71,88,211/
3023,1,63,47,51,67,83,29/
3024,1,63,48,51,71,82,212/
3025,1,64,1,174,200,225,1/
3026,1,64,2,174,199,229,17/
3027,1,64,3,175,201,228,4/
3028,1,64,4,174,200,227,2/
3029,1,64,5,175,201,228,4/
3030,1,64,6,174,200,227,2/
3031,1,64,7,174,201,228,7/
3032,1,64,8,175,199,227,6/
3033,1,64,9,174,200,227,2/
3034,1,64,10,174,200,227,2/
3035,1,64,11,174,200,227,2/
3036,1,64,12,174,200,227,2/
3037,1,64,13,174,200,227,2/
3038,1,64,14,174,200,227,2/
3039,1,64,15,174,200,227,2/
3040,1,64,16,174,200,227,2/
3041,1,64,17,174,200,227,2/
3042,1,64,18,174,200,227,2/
3043,1,64,19,174,200,227,2/
3044,1,64,20,174,200,227,2/
3045,1,64,21,174,200,227,2/
3046,1,64,22,174,200,227,2/
3047,1,64,23,174,200,227,2/
3048,1,64,24,174,200,227,2/
3049,1,64,25,174,200,227,2/
3050,1,64,26,174,200,227,2/
3051,1,64,27,174,200,227,2/
3052,1,64,28,174,200,227,2/
3053,1,64,29,174,200,227,2/
3054,1,64,30,174,200,227,2/
3055,1,64,31,174,200,227,2/
3056,1,64,32,174,200,227,2/
3057,1,64,33,174,200,227,2/
3058,1,64,34,173,200,227,5/
3059,1,64,35,174,200,227,2/
3060,1,64,36,174,200,227,2/
3061,1,64,37,174,200,227,2/
3062,1,64,38,174,200,227,2/
3063,1,64,39,174,200,227,2/
3064,1,64,40,207,217,226,10/
3065,1,64,41,206,175,118,21/
3066,1,64,42,51,67,83,29/
3067,1,64,43,204,175,115,46/
3068,1,64,44,206,176,114,28/
3069,1,64,45,51,68,84,37/
3070,1,64,46,51,69,83,84/
3071,1,64,47,54,67,84,14/
3072,1,64,48,51,67,83,29/
